128
0 60 115 65 2 25 94 15 63 103 116 111 51 118 16 73 12 57 31 121 20 7 73 21 12 97 29 101 50 55 115 47 115 102 112 117 127 78 5 63 54 121 46 105 111 63 50 123 120 82 116 12 89 61 33 101 30 62 75 80 118 62 127 105 36 111 95 36 62 100 99 116 93 17 93 76 80 15 71 72 97 59 85 58 120 118 32 22 53 107 103 43 41 102 20 77 86 115 113 20 87 84 8 52 102 101 0 54 116 71 127 86 2 84 16 122 74 48 17 127 27 120 42 68 94 63 18 52 
50 0 3 72 10 88 80 62 62 53 63 116 42 6 115 0 9 71 16 3 18 65 20 17 92 12 60 33 107 123 51 31 45 54 104 55 14 56 118 76 110 53 65 24 59 52 24 68 124 40 72 14 105 92 31 70 105 91 103 84 86 26 115 4 80 91 59 95 20 49 43 2 102 108 26 34 33 50 102 29 90 46 43 68 11 74 10 116 38 113 72 124 11 59 0 91 23 60 58 43 109 102 45 84 82 71 118 115 121 92 16 83 11 59 23 22 6 33 10 44 18 82 40 29 13 41 121 36 
101 51 0 79 82 25 124 38 108 67 28 95 60 121 112 16 4 43 39 26 49 73 36 93 91 118 6 121 3 47 114 40 20 37 119 102 63 116 13 43 55 41 10 116 34 122 4 38 38 43 64 87 116 100 53 80 90 59 73 94 106 59 6 126 96 125 100 31 113 113 74 41 27 85 29 61 79 33 100 117 76 36 77 65 9 2 17 99 61 90 65 39 21 71 37 117 69 9 21 54 123 95 95 22 52 124 83 4 29 55 121 106 92 70 43 101 72 60 72 5 22 10 44 43 81 81 32 22 
91 53 77 0 86 21 44 108 73 41 63 77 70 119 71 48 83 13 91 56 86 23 0 91 45 10 8 88 92 89 121 114 52 46 63 10 67 108 118 13 21 54 90 91 45 33 12 0 47 103 56 5 127 56 96 44 67 104 5 31 66 126 17 118 44 81 1 112 61 119 125 82 45 87 45 90 121 57 90 40 33 18 45 32 75 13 76 14 118 81 45 56 79 62 46 124 15 47 108 76 39 105 30 84 64 76 47 57 5 9 97 38 28 14 70 103 28 19 117 18 100 34 74 52 96 120 48 112 
40 28 60 79 0 5 91 35 69 39 82 127 44 92 96 83 120 111 25 95 11 44 84 29 17 118 103 69 86 95 117 70 7 17 3 86 22 94 122 91 5 76 90 49 40 59 4 32 42 30 127 53 74 83 82 91 73 57 32 32 24 21 102 32 38 105 118 60 71 112 24 76 61 114 126 101 45 2 6 87 32 5 12 107 89 94 70 34 23 103 66 48 124 41 80 35 18 70 95 90 55 119 38 116 106 36 89 23 39 95 111 71 101 123 50 62 90 121 96 113 96 35 33 92 76 113 127 94 
56 95 56 111 86 0 95 99 64 3 60 88 42 28 71 114 1 66 36 63 28 29 31 14 125 66 47 90 14 33 89 109 89 56 37 72 15 4 43 79 8 103 39 50 3 110 36 4 49 73 67 77 102 99 91 100 37 11 62 52 44 23 33 5 80 70 77 95 75 120 46 83 95 86 5 99 68 42 103 117 115 43 67 89 14 30 61 51 41 123 103 85 19 8 90 99 79 39 66 26 31 112 109 127 70 114 98 11 28 73 0 15 116 67 105 2 98 38 54 11 34 29 97 53 38 59 24 117 
99 90 15 2 74 124 0 1 17 110 99 28 11 45 28 26 33 96 3 36 66 42 90 77 76 119 46 1 29 106 25 18 77 115 33 79 61 29 81 78 12 52 106 23 97 7 49 3 103 53 39 41 95 1 118 43 120 37 44 22 15 69 40 92 56 74 43 117 103 124 68 115 49 46 10 18 53 60 21 28 113 60 69 80 61 60 123 54 97 39 76 112 108 116 76 36 62 119 25 38 116 93 25 37 12 36 55 65 96 77 94 81 9 35 33 71 95 28 125 64 67 73 48 47 61 124 83 124 
116 108 34 104 74 59 13 0 86 95 68 23 63 17 117 16 27 25 49 98 120 77 95 57 16 40 105 63 101 102 18 97 90 127 3 66 73 63 79 31 30 19 54 94 37 44 110 64 69 32 34 61 109 1 118 126 41 96 61 14 70 80 112 32 79 115 98 24 50 49 55 81 68 109 47 105 25 29 41 94 61 75 28 43 76 18 41 117 114 102 4 56 54 116 88 5 103 58 29 26 107 84 107 48 66 26 25 91 55 67 58 117 14 86 32 91 104 73 80 91 47 84 19 102 72 108 107 48 
38 9 74 18 93 53 66 31 0 79 91 123 6 30 53 123 45 11 27 8 115 100 88 78 20 45 98 122 117 78 101 37 116 110 111 6 76 36 72 107 115 36 102 122 66 27 117 111 38 17 119 26 117 80 104 9 125 74 3 114 24 105 24 13 87 7 19 35 44 92 15 31 0 117 25 66 17 15 50 55 32 41 81 21 121 58 31 118 4 34 105 29 11 1 42 99 8 61 6 52 25 21 84 25 11 109 92 28 124 14 83 28 55 37 50 49 95 81 39 99 115 16 0 127 17 42 98 26 
104 104 78 1 126 34 27 9 16 0 119 37 12 5 120 41 60 29 91 109 124 44 21 96 31 37 96 30 55 11 0 81 115 105 31 116 103 66 15 112 82 6 21 94 11 13 7 72 43 98 53 39 14 74 7 46 112 104 76 39 115 77 120 102 54 23 90 29 89 106 13 43 112 34 10 124 47 17 68 90 116 121 2 2 68 9 48 52 113 125 91 100 74 83 74 0 106 37 29 68 15 42 111 127 76 121 123 123 11 63 86 127 57 88 1 125 97 50 49 83 47 12 55 121 95 2 121 73 
39 22 13 54 64 125 53 12 118 49 0 7 1 112 93 0 41 53 2 38 23 52 87 106 99 99 33 92 66 35 85 12 74 107 25 0 43 22 54 55 13 103 62 14 87 28 15 1 81 17 39 104 69 127 82 40 98 116 4 37 23 89 49 98 68 74 98 111 97 24 38 110 127 100 124 87 0 11 88 82 28 127 58 97 126 13 9 97 1 13 6 24 102 55 122 42 1 93 25 98 117 63 80 117 36 77 76 36 88 36 118 117 35 49 86 34 62 96 3 63 109 9 87 84 64 82 126 65 
47 24 36 36 87 116 25 123 65 101 32 0 26 9 22 15 45 71 101 79 5 69 82 68 51 91 28 7 27 110 5 92 29 29 0 65 117 117 91 112 54 64 16 80 74 39 95 119 110 69 70 116 10 24 56 61 115 84 68 14 66 74 106 95 103 107 33 92 96 124 77 22 60 93 103 6 4 70 125 115 11 67 103 22 91 31 83 78 116 24 92 54 98 71 22 73 50 55 38 18 51 115 40 111 80 15 118 85 86 115 72 97 55 47 119 18 78 75 97 66 99 61 121 69 4 15 14 54 
70 52 72 121 39 113 104 120 0 94 77 86 0 82 21 56 9 68 47 27 18 122 124 85 93 58 78 34 62 93 49 117 35 101 61 28 13 46 4 5 47 99 82 5 53 103 61 62 43 109 89 61 103 86 18 69 16 96 103 78 61 24 67 96 126 1 124 11 47 1 16 94 100 98 100 25 73 33 87 116 14 48 49 118 6 68 59 22 36 34 101 98 59 40 66 57 41 63 68 89 64 84 55 36 54 27 61 127 61 20 115 75 68 36 65 75 104 124 97 13 31 70 111 90 111 49 19 24 
112 87 113 48 43 41 84 97 68 17 96 1 37 0 83 77 106 119 14 53 96 11 22 109 42 93 92 4 76 13 23 100 126 110 86 46 25 127 3 122 67 20 90 69 58 45 18 36 36 32 89 4 43 111 113 85 76 77 89 24 91 112 125 89 94 83 7 119 82 10 113 21 31 75 90 89 120 108 125 29 13 86 33 56 69 19 14 18 96 103 42 59 88 39 20 54 122 28 46 76 38 31 98 69 107 60 30 99 41 27 0 54 113 34 110 55 53 124 73 21 100 115 81 60 27 101 114 21 
1 32 98 40 64 68 109 43 0 12 14 41 39 15 0 95 25 49 78 80 102 74 25 123 46 12 76 106 39 50 93 61 51 125 31 91 61 99 73 104 99 85 119 13 124 6 108 21 55 58 101 29 5 126 24 51 11 101 30 50 23 123 111 74 120 14 38 54 113 111 30 85 68 21 98 64 27 78 86 82 9 59 111 14 58 8 65 69 109 95 119 4 90 103 78 83 117 116 9 103 99 39 60 39 61 30 104 88 108 62 43 117 121 26 3 51 34 69 120 15 36 112 19 127 87 98 82 76 
86 91 51 58 2 111 97 63 13 73 24 122 7 67 111 0 1 93 115 52 0 56 45 15 92 29 35 91 116 5 45 64 91 8 116 21 11 99 119 74 113 64 98 107 72 37 90 73 3 77 125 3 5 42 18 98 71 53 61 59 58 107 124 22 115 112 43 126 83 34 73 68 99 43 47 43 81 10 116 84 87 113 87 93 28 105 63 99 31 124 31 89 103 27 111 91 11 27 89 94 61 34 35 32 78 82 75 31 92 63 115 52 49 74 17 77 51 80 48 82 76 79 44 52 106 27 15 117 
54 104 84 116 11 119 20 89 73 96 120 38 31 107 90 80 0 53 107 29 104 59 78 59 7 29 103 59 8 2 74 125 57 51 81 45 62 72 65 23 18 33 15 56 65 122 18 17 47 125 47 23 56 125 82 63 26 57 123 34 60 69 32 117 120 113 34 54 58 99 77 76 5 92 4 70 86 22 87 5 19 6 29 75 3 111 10 30 41 5 64 101 75 96 90 67 82 124 122 12 95 71 88 100 36 92 42 122 114 2 0 5 8 29 80 12 12 90 42 53 96 106 26 43 75 116 110 29 
112 104 41 80 48 1 52 84 93 95 78 79 97 78 84 105 107 0 36 117 120 126 31 45 94 10 72 9 85 60 120 114 45 96 27 125 16 28 49 100 121 16 51 72 113 1 28 91 109 64 80 101 62 112 18 29 122 90 38 79 23 30 65 68 127 92 65 15 120 114 116 113 3 39 57 116 40 85 79 21 21 32 122 83 16 13 112 10 103 23 89 126 53 26 66 52 118 3 68 110 118 56 95 121 95 24 109 7 109 61 29 2 93 23 85 109 36 70 119 12 93 80 10 18 106 77 71 96 
80 11 78 70 67 45 63 34 69 45 41 50 106 70 52 71 94 9 0 52 2 79 43 14 44 123 25 63 101 102 6 69 54 17 19 125 84 64 60 118 5 105 31 55 83 102 107 26 68 116 78 70 68 121 85 112 116 110 47 89 84 53 30 10 70 49 7 26 113 68 16 118 45 48 45 1 22 24 27 90 13 106 32 81 99 117 65 88 99 113 49 55 38 80 66 109 1 73 7 115 13 24 105 59 72 23 60 94 47 87 56 60 65 88 13 37 78 79 125 49 64 46 105 102 126 43 83 0 
116 91 115 2 115 92 61 59 115 121 25 35 80 81 95 18 41 109 55 0 119 60 52 41 124 98 18 98 97 61 54 97 49 17 84 51 4 48 112 63 36 105 88 71 58 41 38 76 82 19 3 74 79 55 115 75 25 5 46 122 66 100 91 115 117 47 39 121 96 23 56 4 1 16 75 59 57 113 7 11 5 10 85 84 65 72 32 90 77 78 85 15 50 48 3 39 96 42 32 64 65 88 68 66 104 15 125 33 0 4 44 5 14 2 90 79 74 122 42 24 72 127 39 122 47 42 33 15 
84 65 79 22 25 19 88 1 34 86 34 35 90 78 40 105 80 2 56 27 0 124 98 51 68 97 90 62 17 5 95 32 89 32 112 111 57 3 72 58 38 30 92 73 120 43 113 97 123 116 26 22 112 124 73 53 94 36 115 111 41 83 15 2 115 127 114 45 3 58 103 41 88 68 114 80 111 99 50 106 87 76 1 72 72 74 125 38 110 112 21 23 67 37 26 55 36 12 100 39 70 75 80 30 15 66 110 126 38 32 105 125 108 106 69 53 52 66 91 35 51 113 58 118 22 84 45 58 
96 17 98 38 93 50 68 108 117 51 107 27 83 84 24 64 62 94 117 114 32 0 80 21 83 65 80 74 87 36 119 18 5 9 116 43 102 38 112 82 27 35 61 54 118 17 79 54 79 45 43 66 77 124 87 33 61 39 107 21 76 98 39 81 107 27 124 81 65 108 36 93 15 97 19 6 115 98 60 66 15 104 4 93 100 92 126 33 3 105 54 79 75 93 32 55 120 29 8 58 9 44 23 25 14 42 31 1 13 91 67 28 67 72 121 39 36 119 73 39 96 127 119 44 93 23 99 85 
52 107 15 62 24 38 87 38 81 118 39 94 81 106 122 21 50 116 60 86 107 5 0 126 76 5 117 120 98 12 91 55 65 70 71 127 94 109 86 4 62 76 43 28 29 22 23 50 72 11 111 31 118 116 29 66 121 18 58 91 30 21 19 95 92 90 94 58 71 52 63 6 0 106 34 30 0 57 80 73 68 63 104 59 52 5 125 45 23 56 9 53 77 28 21 41 118 115 100 61 40 35 67 40 13 102 70 14 31 23 87 100 86 63 31 10 68 28 56 91 84 65 16 34 93 37 75 83 
25 47 16 65 82 84 105 96 58 48 110 89 71 69 61 29 4 92 40 72 121 96 35 0 77 33 51 111 126 89 59 81 114 106 97 51 61 53 28 29 111 76 11 73 19 80 6 49 84 99 89 28 92 57 63 41 90 114 25 88 75 84 41 61 62 10 112 123 64 13 24 47 89 35 120 109 115 127 30 71 98 119 99 62 48 34 103 10 21 0 98 96 84 11 30 19 21 14 14 85 27 39 5 117 74 125 98 62 124 0 5 94 119 105 28 39 11 4 49 32 4 19 1 89 30 31 108 51 
45 122 9 73 33 14 62 108 11 32 42 8 32 47 102 23 24 3 62 36 7 111 68 11 0 2 69 100 32 100 80 83 18 75 92 91 108 106 25 88 118 57 2 126 89 50 100 112 74 103 46 110 110 29 51 122 31 120 94 63 93 47 18 111 122 111 74 102 89 99 63 79 28 65 77 117 115 50 101 62 25 19 44 8 48 95 2 79 88 96 14 53 15 32 36 9 15 110 112 105 81 47 56 109 112 6 98 100 56 71 34 81 90 78 89 10 46 91 89 6 60 103 59 75 7 95 85 23 
77 69 0 30 116 56 11 100 62 109 72 118 52 106 72 14 57 33 24 103 125 113 109 57 88 0 40 4 95 7 89 118 84 30 118 114 18 47 125 119 109 106 63 100 30 42 44 44 99 77 68 74 74 53 55 3 13 95 8 108 102 97 99 58 0 89 44 18 8 41 9 118 19 73 90 49 115 6 93 86 83 33 32 30 86 87 33 99 54 41 79 28 11 50 86 11 12 2 29 20 43 39 10 62 112 100 111 99 106 76 57 62 109 89 92 67 48 125 38 102 39 117 2 50 40 88 61 52 
90 90 72 5 1 83 67 113 55 50 84 34 126 13 96 107 102 60 46 22 57 84 124 96 73 126 0 18 113 86 79 37 48 42 110 53 43 65 120 29 120 42 113 26 40 127 122 19 101 54 65 124 112 21 120 80 95 119 99 80 77 50 118 126 92 100 51 8 37 44 37 29 86 22 56 127 21 50 18 123 105 84 119 89 105 111 41 72 102 12 25 52 63 15 50 27 115 101 35 24 17 72 53 104 95 109 103 116 32 121 111 9 77 102 98 55 86 11 127 60 24 24 112 87 39 34 114 26 
8 22 50 25 94 104 1 61 85 104 50 117 98 33 126 47 8 96 102 94 108 102 26 4 126 11 91 0 38 45 77 64 53 99 115 79 66 91 80 127 48 57 49 38 27 83 36 74 91 5 49 57 113 23 83 117 21 94 80 59 12 29 124 65 1 111 16 67 74 97 66 122 26 116 32 53 71 69 127 34 74 48 91 59 71 46 48 93 13 0 24 25 29 20 90 30 3 107 97 77 76 36 72 102 24 104 27 95 45 26 1 119 75 92 50 18 10 98 111 23 98 8 48 0 28 11 30 32 
118 0 109 66 36 53 40 60 30 67 27 75 93 28 67 40 120 117 59 2 88 42 26 58 50 74 58 79 0 85 89 111 75 89 92 13 125 18 53 57 48 120 84 123 86 112 62 126 104 52 57 106 12 100 4 70 22 79 1 101 36 90 84 112 51 49 125 48 67 51 105 115 43 61 110 1 45 45 0 21 97 57 127 109 29 4 51 52 83 52 25 119 14 110 103 65 31 101 113 98 24 90 85 67 23 67 69 68 112 69 89 81 126 89 62 28 93 114 80 48 38 105 39 53 87 15 118 118 
116 104 88 12 66 45 79 90 113 20 30 97 89 120 51 88 81 113 116 46 99 68 94 10 45 5 63 5 20 0 53 123 8 29 84 20 96 1 100 58 114 120 88 84 82 80 7 42 33 120 30 79 92 98 45 102 15 51 37 20 71 90 16 80 120 100 100 88 101 72 18 88 65 106 44 19 59 51 61 92 43 91 44 7 61 89 109 76 12 18 97 84 109 113 36 101 85 8 61 58 81 79 18 18 57 62 37 116 113 98 81 29 61 125 36 122 86 18 70 99 36 39 55 17 24 91 118 109 
99 51 40 52 2 58 70 60 121 107 48 106 77 1 7 10 126 44 4 85 62 75 56 98 114 111 116 11 74 106 0 120 45 30 32 98 32 91 40 92 84 20 13 62 97 14 70 108 13 114 112 98 48 59 26 18 46 9 6 57 83 113 49 0 15 82 98 47 45 11 12 1 31 25 63 0 39 5 108 52 119 93 22 39 24 48 58 70 57 64 127 12 49 49 13 64 3 111 112 48 122 124 49 25 21 112 26 60 118 6 113 109 99 7 21 124 56 79 66 113 15 66 126 65 115 11 1 118 
122 113 38 117 109 87 14 2 71 40 63 61 47 48 43 18 55 64 14 111 15 81 97 30 19 95 95 6 106 97 124 0 100 82 34 89 64 121 104 66 64 16 1 126 63 49 41 82 105 105 96 88 120 49 57 22 68 24 118 74 2 87 70 103 41 104 64 105 97 40 44 34 57 45 32 120 95 73 74 72 50 43 32 42 92 90 64 33 114 54 107 117 13 50 92 55 26 28 32 124 69 76 30 126 122 62 118 89 7 65 33 57 108 65 99 72 27 35 105 14 90 85 3 103 7 95 30 33 
123 63 29 64 11 59 62 5 121 53 94 0 118 127 57 98 65 28 42 92 64 20 106 26 105 109 1 112 76 32 17 72 0 95 47 8 106 106 71 112 100 124 78 100 114 78 30 84 15 58 126 107 122 18 86 20 123 67 22 107 16 54 125 88 21 44 96 127 22 39 111 122 35 62 95 21 12 125 105 27 55 104 6 50 122 92 70 118 32 92 97 48 18 94 8 39 10 104 39 33 16 22 27 51 84 122 73 96 119 50 123 47 26 2 97 21 94 39 11 126 4 108 46 22 75 54 62 85 
31 101 118 47 123 18 98 80 12 43 48 4 94 44 51 120 46 20 13 12 59 24 11 63 5 57 86 80 112 20 37 15 121 0 28 62 116 46 32 68 58 76 117 62 42 33 113 34 79 5 48 91 65 72 102 0 77 32 86 29 16 106 67 31 99 95 93 88 13 125 28 71 73 17 6 115 50 119 22 1 125 70 93 62 14 67 62 92 99 21 121 115 127 60 18 99 27 111 59 40 109 87 112 54 105 118 42 27 109 64 29 106 6 122 40 20 61 103 112 33 124 106 20 123 38 39 94 66 
22 25 106 3 113 90 58 90 80 100 117 62 36 18 40 42 12 81 62 74 56 47 107 52 25 127 47 63 38 14 1 61 39 108 0 64 24 70 122 114 23 94 104 85 2 122 125 44 7 78 107 81 6 26 60 58 51 59 106 114 98 120 116 31 31 96 95 56 38 90 42 61 56 18 18 59 13 16 103 20 94 82 101 101 108 33 31 31 92 9 18 62 1 6 93 33 102 61 89 12 23 3 74 79 22 92 10 35 108 114 55 75 68 28 48 49 61 79 80 25 89 98 88 90 104 53 123 78 
114 84 91 9 88 37 89 110 1 99 17 110 85 72 57 26 100 105 75 33 56 27 58 17 126 18 108 102 72 103 53 58 60 16 68 0 20 53 29 2 54 0 19 36 86 91 93 112 63 70 59 96 127 86 26 16 84 45 124 59 117 100 112 47 32 0 115 52 53 16 54 107 17 73 16 103 36 109 87 99 52 18 67 51 104 93 67 61 10 64 120 127 36 104 47 68 104 34 120 29 51 46 8 68 119 24 43 27 6 2 126 58 20 65 109 124 30 48 57 41 112 49 40 20 25 87 88 1 
122 80 30 45 126 39 113 117 63 28 16 69 30 14 127 50 79 108 46 110 29 104 23 13 25 63 34 51 23 122 52 17 75 83 62 73 0 122 47 63 57 75 79 127 105 94 126 27 45 107 73 27 8 49 50 21 75 114 55 126 9 50 50 26 125 5 88 70 127 7 5 57 82 85 56 59 51 54 86 96 33 31 124 41 81 46 63 28 32 118 26 41 40 76 67 37 82 27 108 81 34 113 10 116 70 66 47 121 121 5 90 26 37 86 68 118 4 3 18 37 121 44 78 34 120 18 71 74 
45 51 28 80 37 38 68 107 105 116 101 98 121 63 124 30 21 64 20 25 67 38 62 61 82 13 95 75 31 38 21 76 90 49 28 127 88 0 97 106 65 85 79 35 78 14 31 109 35 96 1 61 35 40 123 96 122 8 63 69 39 102 91 116 64 12 16 63 100 113 41 37 70 121 72 21 7 104 2 43 72 3 104 107 43 99 76 38 108 11 107 19 113 70 7 49 83 24 112 55 9 26 93 80 19 37 101 26 13 103 69 85 106 45 65 22 17 13 60 125 24 39 16 10 110 24 59 65 
48 44 120 57 70 85 9 89 123 110 115 8 85 57 94 64 102 31 86 119 44 18 116 68 57 5 78 39 29 10 104 77 54 97 6 124 54 16 0 85 49 126 72 58 84 1 24 20 104 55 106 95 99 124 84 39 53 89 118 93 118 0 69 67 54 38 73 50 93 89 7 14 88 79 72 44 81 96 64 57 23 42 24 122 38 108 34 91 69 24 56 59 24 126 126 78 36 72 0 1 33 7 16 121 86 88 37 39 57 101 96 80 15 121 75 53 101 109 17 43 5 73 102 29 71 101 107 108 
45 107 109 78 114 125 72 72 86 109 112 15 83 80 95 98 73 42 24 47 23 41 90 28 114 64 57 58 37 36 38 82 15 19 33 1 17 105 74 0 103 86 58 118 41 10 85 12 84 0 36 3 23 77 93 52 63 29 109 121 67 18 31 21 33 51 54 35 68 31 109 43 118 39 33 31 49 118 43 5 118 79 8 14 28 101 66 92 3 47 85 70 65 117 91 99 40 18 6 108 49 115 23 39 26 56 71 75 46 114 81 37 66 89 51 94 63 117 58 66 36 16 8 102 5 99 73 45 
117 79 25 39 66 48 78 92 104 21 39 22 8 120 59 74 82 110 40 17 99 99 83 8 115 91 110 120 62 55 37 52 6 62 91 72 110 41 36 86 0 63 75 108 71 68 40 17 22 22 57 39 122 28 122 2 15 85 112 7 19 39 44 71 45 106 34 117 88 76 25 46 11 100 27 82 40 67 99 62 89 28 101 83 57 95 85 72 52 69 80 72 108 124 15 25 103 50 14 63 126 39 110 9 12 9 91 52 76 62 115 37 90 88 121 19 56 78 92 108 20 44 52 0 40 68 26 15 
118 40 79 116 80 61 125 92 70 88 16 18 22 3 55 112 92 48 4 20 127 96 0 19 12 53 19 52 121 45 68 111 86 19 99 38 80 96 2 22 56 0 18 40 78 22 95 62 114 16 66 6 15 34 6 34 46 59 53 99 52 99 39 35 57 58 6 95 10 102 97 32 30 115 72 108 9 39 43 123 55 109 1 70 16 8 104 62 67 30 33 120 1 72 27 58 2 34 25 12 8 122 44 39 109 116 19 119 28 62 114 83 44 116 26 60 124 2 122 63 32 28 55 33 100 83 91 103 
117 116 115 125 110 32 36 92 20 56 83 48 118 69 4 34 57 30 94 53 32 89 117 65 117 44 98 89 127 62 64 116 50 52 114 33 84 22 125 104 78 80 0 25 69 21 29 103 79 59 70 4 91 31 121 28 20 38 127 109 37 61 46 26 111 98 12 16 54 34 13 30 113 93 55 54 115 84 29 66 15 99 70 107 2 64 7 22 102 6 4 11 67 50 37 51 20 49 67 74 84 81 104 69 46 32 123 33 116 24 99 4 124 42 111 126 106 118 21 80 125 25 91 64 75 1 115 95 
50 55 41 6 8 17 75 54 49 70 88 38 95 59 42 91 101 25 89 79 15 110 31 12 7 123 77 82 124 64 49 46 119 90 53 127 108 0 54 29 71 14 67 0 38 73 109 1 47 6 90 126 22 73 30 34 80 25 111 35 21 48 84 67 39 47 120 39 27 121 93 56 64 107 124 102 52 105 103 99 112 65 98 6 10 0 40 91 25 24 126 46 72 82 113 111 1 106 22 28 99 115 85 35 94 81 9 19 58 112 118 42 49 88 48 60 88 89 23 113 113 21 31 57 103 17 40 105 
123 63 5 94 50 90 1 17 43 10 36 102 122 26 16 43 115 65 103 75 26 126 61 11 19 92 68 123 109 108 100 104 43 105 70 94 68 71 111 111 81 19 85 75 0 45 102 119 32 39 94 108 65 93 41 76 112 5 16 107 115 124 79 91 40 57 34 6 125 105 117 108 59 8 66 6 53 40 125 86 79 92 66 16 57 107 92 41 112 108 21 99 104 100 63 16 29 97 22 26 74 11 7 5 19 73 12 73 113 9 31 64 101 97 80 30 76 44 72 60 24 93 32 0 65 95 17 95 
64 39 121 10 51 0 16 70 73 28 15 58 37 46 122 11 15 74 41 91 118 113 24 14 78 56 15 16 23 32 111 87 71 104 97 122 105 113 65 50 13 80 109 51 127 0 103 62 14 50 103 106 40 89 2 55 39 58 70 55 81 102 38 40 45 15 9 40 120 123 105 42 8 57 23 59 56 127 121 71 49 97 49 89 58 51 16 97 109 86 25 62 60 63 102 106 78 111 18 70 106 123 113 115 52 8 46 109 7 40 52 56 9 101 18 67 24 34 36 5 121 61 67 53 125 41 31 75 
24 49 18 3 44 3 118 97 11 36 78 19 76 2 75 85 103 93 24 127 0 61 4 121 122 71 46 119 112 78 67 8 127 85 11 44 88 1 13 99 38 91 118 114 93 66 0 72 68 31 96 67 31 29 71 24 24 14 71 15 126 21 82 6 20 39 18 64 127 19 77 99 57 40 89 44 5 27 116 73 59 84 12 90 114 83 115 10 97 58 25 95 79 108 102 99 19 120 36 19 11 113 118 69 26 79 113 31 107 101 105 38 57 117 0 43 73 115 53 42 45 79 10 124 59 112 96 78 
104 4 97 115 117 87 56 15 39 41 47 18 14 24 56 72 13 56 115 86 44 41 1 89 120 11 86 51 123 54 1 99 58 99 86 47 58 15 63 97 56 110 115 71 6 43 15 0 19 100 2 106 16 43 107 105 35 118 63 86 113 117 88 84 47 59 42 95 117 57 30 87 114 12 74 57 18 118 72 37 90 74 15 106 118 122 83 25 112 19 112 97 8 72 53 56 3 96 23 120 25 53 79 11 65 26 68 83 16 12 120 106 87 8 84 77 2 39 102 115 58 86 84 67 30 10 123 33 
106 18 26 3 71 105 15 8 3 83 91 19 96 83 125 55 91 81 4 94 121 106 81 51 65 37 118 95 47 113 1 25 3 27 29 74 4 44 82 8 127 45 27 95 1 25 22 92 0 106 26 58 99 5 11 23 70 49 13 37 96 127 38 122 2 65 23 77 70 67 31 78 66 77 105 34 78 2 56 42 109 83 101 80 88 112 103 30 33 117 67 2 116 106 124 118 43 19 67 113 86 99 63 24 48 41 58 126 43 115 40 24 70 13 105 30 126 80 60 31 69 127 33 57 105 29 48 21 
48 115 6 6 86 70 31 6 111 89 4 26 76 45 51 18 58 28 48 56 108 108 88 50 108 121 107 85 23 27 106 71 15 113 78 101 55 109 108 38 70 112 64 19 29 115 37 88 15 0 86 16 124 66 104 46 46 98 25 4 121 53 110 64 68 95 14 41 22 123 21 60 66 6 125 85 35 112 122 123 0 80 12 124 19 116 42 65 86 67 69 79 120 52 16 60 19 30 102 42 26 123 102 92 1 99 49 37 84 43 32 84 124 44 80 15 33 122 80 119 61 22 71 54 74 87 114 93 
117 88 7 15 84 110 107 85 81 28 122 37 72 27 121 68 71 73 83 104 67 35 96 1 57 39 55 3 126 41 97 115 2 104 3 86 86 110 43 40 11 38 77 83 65 71 23 8 16 106 0 113 84 13 81 85 71 120 12 74 118 53 43 105 55 20 108 13 106 91 57 18 102 95 96 57 32 39 80 40 55 58 25 11 71 106 96 14 98 108 89 88 34 4 66 89 24 46 103 3 9 32 21 111 127 117 40 31 28 120 71 84 50 97 95 122 75 64 8 46 44 97 6 78 102 72 40 126 
119 15 1 0 47 23 112 46 12 24 77 41 17 20 125 67 117 92 61 65 28 70 111 73 39 117 23 13 62 63 12 53 78 13 53 125 36 37 43 49 62 120 90 79 13 87 18 2 51 80 67 0 80 22 50 25 61 40 48 75 102 112 87 27 62 100 80 60 9 118 103 58 52 96 20 3 109 107 21 111 30 101 51 110 123 101 7 57 13 56 4 115 40 91 14 102 63 95 34 72 85 10 2 9 106 22 12 87 1 33 70 32 7 121 14 2 95 22 59 108 78 63 96 118 26 110 92 90 
77 127 34 34 9 37 43 115 59 55 74 61 89 16 93 96 10 107 98 105 1 30 85 79 93 53 69 120 36 34 82 113 33 116 20 42 25 63 29 85 119 103 18 80 119 111 48 1 90 18 106 92 0 48 64 43 14 117 113 6 25 19 88 11 52 76 31 94 102 94 123 59 85 98 77 37 89 60 85 91 22 104 69 114 24 5 30 38 123 15 44 20 34 4 31 86 81 62 52 55 29 47 114 114 17 63 24 106 123 109 69 17 85 11 4 110 16 34 20 11 49 65 32 83 69 63 41 22 
126 93 77 27 12 63 13 29 126 37 7 121 19 77 11 104 88 15 86 104 49 107 116 98 44 20 53 113 83 94 8 81 59 85 108 71 21 122 100 19 31 107 13 50 56 24 27 16 39 113 121 88 92 0 109 58 8 1 111 122 84 77 2 38 8 87 18 79 108 12 51 0 44 30 13 94 87 37 121 103 76 107 96 36 71 77 94 80 78 77 74 35 26 76 73 34 35 91 113 16 104 36 16 20 66 29 114 25 66 108 1 14 87 97 50 30 47 16 110 125 93 56 32 119 4 105 25 40 
69 10 56 45 46 72 65 112 101 51 10 39 31 11 53 118 108 103 21 27 119 3 25 84 60 57 75 64 35 100 104 104 110 32 21 28 104 86 12 77 9 22 116 41 33 41 31 14 16 52 41 7 56 66 0 91 116 124 38 52 31 10 29 7 120 61 28 20 38 114 33 115 123 55 104 36 89 17 68 103 34 120 16 41 48 83 5 36 79 43 89 110 54 118 117 46 51 17 67 89 3 100 77 126 27 53 35 116 70 103 91 104 95 108 18 16 63 23 52 14 66 13 124 120 3 113 39 55 
2 106 16 5 78 93 3 105 18 38 94 89 13 57 65 109 37 83 125 100 106 49 114 45 63 110 37 66 95 76 121 97 54 10 102 4 103 106 110 122 16 76 83 30 5 20 11 43 104 8 15 82 57 2 127 0 120 112 37 59 80 113 52 49 40 62 24 44 38 2 26 32 18 102 115 48 108 7 59 23 111 67 38 66 125 40 65 117 25 102 48 105 88 101 26 0 35 50 44 73 52 71 105 71 45 92 119 25 100 51 48 83 118 87 21 115 127 87 105 24 61 25 1 21 126 28 21 34 
78 66 107 3 9 85 74 54 49 65 80 21 116 0 105 107 87 126 94 87 85 71 111 19 97 113 40 95 13 62 1 91 0 109 94 9 66 40 63 115 106 15 9 94 16 114 73 103 112 40 62 70 111 46 89 80 0 31 1 48 44 63 49 7 63 30 102 72 96 14 8 84 120 23 93 87 39 79 32 15 63 72 77 5 56 123 94 8 26 96 56 70 31 106 78 95 8 52 39 105 66 47 61 59 71 26 18 110 105 50 125 40 123 75 46 51 70 12 59 97 108 116 39 12 94 117 107 102 
41 18 79 108 66 12 39 9 38 57 119 15 107 117 56 102 64 102 25 6 114 85 103 95 73 15 107 39 4 86 13 46 104 93 26 42 105 65 51 16 122 43 31 101 32 87 76 96 61 101 102 48 58 78 15 3 93 0 122 42 97 80 56 15 56 21 41 99 126 106 22 14 100 65 46 74 97 5 22 65 67 123 40 115 54 118 2 57 83 124 100 52 76 28 68 4 49 109 103 47 88 126 62 60 63 108 6 33 113 28 98 52 24 10 39 78 0 41 7 83 37 107 8 113 7 76 118 56 
57 93 104 17 91 38 78 27 18 84 60 3 113 30 56 9 41 95 87 41 9 94 125 46 74 5 32 81 81 22 10 10 115 114 28 79 24 106 106 42 62 38 45 47 68 101 56 109 69 15 23 78 110 20 124 56 25 28 0 9 106 50 19 116 38 5 16 117 29 122 95 71 57 5 117 104 73 90 33 55 31 48 78 109 30 98 106 86 123 6 96 101 57 115 89 95 121 106 84 22 100 51 94 29 56 83 6 1 45 39 56 77 87 6 58 118 104 36 76 99 43 44 72 100 32 34 67 25 
12 23 47 112 74 13 14 2 96 20 3 14 59 60 91 18 66 21 8 43 58 85 14 101 1 87 73 33 121 12 58 5 35 106 117 109 119 3 111 88 23 114 102 82 46 65 101 113 86 109 28 16 66 42 117 68 1 62 101 0 122 74 32 127 109 10 117 90 1 120 73 89 16 60 63 98 106 0 71 91 87 53 119 103 119 34 93 59 35 27 33 30 102 65 29 83 75 18 46 76 11 119 38 27 51 101 125 30 102 69 121 61 122 113 36 113 19 1 45 54 29 78 84 3 15 114 86 90 
4 4 38 15 124 76 42 47 50 40 77 24 109 71 85 103 56 121 88 75 123 5 1 24 83 86 27 98 72 113 60 76 118 99 92 114 47 6 33 97 46 111 121 27 54 78 2 110 72 91 57 67 96 58 91 52 16 118 22 88 0 103 83 37 93 54 1 79 101 7 113 71 54 96 64 81 22 15 84 4 87 47 61 26 15 119 117 67 8 107 90 96 82 45 5 48 99 6 127 72 14 112 15 68 80 80 21 102 95 105 106 54 24 39 80 40 31 69 107 39 48 69 7 2 114 13 50 85 
19 50 30 33 34 45 101 115 125 123 89 92 100 68 18 125 107 98 37 10 39 16 49 87 86 57 90 72 70 12 30 89 62 60 123 97 105 96 84 103 91 45 67 64 113 86 61 93 56 98 103 96 114 25 55 72 82 17 17 24 30 0 47 113 92 107 108 61 84 77 17 59 40 63 127 104 48 85 37 13 13 7 117 109 122 14 37 66 96 54 83 120 84 2 105 49 109 86 110 66 35 0 125 75 63 124 52 111 81 89 125 95 97 114 76 91 0 113 29 96 40 113 88 124 115 65 45 97 
23 28 35 58 28 32 6 91 29 58 74 110 19 71 77 116 57 26 79 57 11 109 25 51 94 113 48 81 51 93 50 74 121 85 5 21 118 11 112 19 69 59 1 88 2 79 77 60 105 28 117 116 9 15 40 103 0 88 57 51 53 107 0 126 47 65 3 68 55 14 53 74 83 112 75 43 114 26 120 46 3 21 36 120 30 51 32 6 51 120 63 103 45 42 101 92 107 104 33 34 118 86 108 73 70 56 116 56 82 109 103 86 2 11 78 32 62 110 38 113 102 101 88 19 16 61 112 123 
37 17 30 27 103 10 100 45 66 89 101 21 70 76 107 72 87 57 104 21 39 15 7 13 116 95 32 4 29 16 0 66 33 30 94 8 40 66 53 107 27 27 0 97 103 107 41 63 36 18 84 75 33 91 88 21 59 120 26 88 9 26 26 0 42 56 120 51 96 59 104 75 86 3 75 56 107 54 97 42 90 115 126 37 20 90 125 42 21 118 68 109 127 94 7 41 22 0 92 118 59 69 66 17 72 13 73 51 68 43 93 30 30 92 68 51 54 65 93 75 55 33 56 54 127 63 96 21 
63 60 11 122 1 77 12 74 91 85 125 31 0 91 61 31 55 1 82 109 67 47 56 122 80 112 49 79 47 17 100 111 77 111 105 79 61 117 25 24 75 22 55 75 113 116 106 40 118 60 21 57 107 77 51 59 61 100 10 109 117 110 92 67 0 94 69 18 27 59 43 51 6 65 106 81 51 94 60 91 84 120 113 13 100 62 65 31 124 37 42 105 27 24 69 94 118 10 112 17 69 27 68 75 92 46 29 15 13 89 107 97 81 92 111 53 26 48 85 22 85 127 127 112 23 68 78 14 
79 62 31 20 89 100 96 54 18 125 69 31 86 48 1 39 12 112 93 39 32 50 61 117 49 61 102 72 1 52 86 80 115 118 101 76 90 69 2 108 66 72 12 24 120 13 63 5 125 28 44 29 78 105 18 127 38 120 72 40 45 30 120 32 20 0 93 108 110 34 111 91 100 55 103 124 47 116 60 52 113 88 96 14 39 74 32 38 112 25 110 24 70 13 17 102 33 110 82 16 17 65 107 117 120 82 114 40 70 46 92 55 6 61 69 45 7 101 84 119 126 66 16 68 79 33 42 113 
15 125 1 32 62 108 22 55 62 8 95 4 54 59 59 60 120 0 106 127 101 62 119 100 0 7 40 80 40 83 65 55 80 66 88 14 46 110 69 108 118 36 112 44 96 43 104 88 43 82 88 16 16 79 116 17 86 29 97 126 112 34 53 64 100 13 0 78 18 123 20 126 113 56 110 29 24 25 6 113 68 88 73 84 105 24 73 122 110 102 91 108 86 125 33 22 97 47 100 115 42 120 113 28 49 95 57 73 120 63 58 60 24 3 16 1 27 89 123 9 63 86 117 21 83 23 43 52 
70 16 39 112 8 24 12 57 119 70 3 111 5 61 43 29 65 59 30 92 21 25 102 84 111 91 106 66 114 21 118 56 37 29 41 46 53 53 103 44 123 106 27 1 40 70 30 105 2 61 69 23 86 43 107 70 7 85 8 121 107 127 50 16 28 91 62 0 82 16 38 126 12 16 26 13 56 96 43 33 98 104 103 121 63 18 101 5 25 58 13 19 37 12 69 54 41 32 116 123 48 26 121 60 43 19 73 99 116 117 5 86 93 108 80 28 126 53 33 24 111 47 43 21 59 112 75 100 
16 63 95 64 90 89 125 5 108 70 104 96 59 109 55 25 89 7 53 88 60 87 112 43 6 27 64 65 11 11 38 27 75 5 91 37 94 88 42 75 31 18 43 90 0 98 115 89 105 41 49 37 0 33 81 6 60 17 71 71 29 109 98 104 115 62 13 81 0 22 55 28 53 73 72 16 73 42 3 35 20 44 84 57 44 118 10 50 50 28 122 122 57 103 92 33 90 26 46 44 49 101 72 102 46 16 118 120 59 122 27 79 38 111 8 83 101 19 5 24 47 127 18 104 103 110 9 65 
9 55 109 58 28 54 32 74 70 23 66 1 17 93 80 55 77 89 10 50 108 16 74 27 15 92 3 118 75 12 56 84 67 37 14 95 91 46 41 34 69 108 35 86 73 116 14 22 77 24 73 57 40 19 84 56 112 87 46 59 99 102 15 38 12 29 5 103 75 0 46 9 17 26 45 103 100 33 117 122 110 14 67 39 54 87 123 110 71 82 29 2 53 3 17 91 15 46 96 119 121 14 0 10 41 45 114 13 78 103 7 60 117 75 99 44 34 94 26 105 48 55 107 101 59 124 64 74 
42 32 65 35 47 66 46 88 111 32 101 62 7 108 122 125 55 94 41 89 60 67 66 109 123 45 82 54 41 19 0 83 51 66 119 98 4 37 58 115 69 31 49 76 12 44 73 67 10 114 29 70 54 95 51 49 13 6 103 54 25 103 10 76 41 1 47 45 38 105 0 33 107 9 82 55 21 126 1 88 8 115 117 79 41 85 2 90 98 8 65 24 33 41 34 110 82 35 29 0 73 6 33 52 15 115 108 36 114 109 125 122 96 114 73 10 71 76 100 41 84 38 66 118 79 100 100 33 
8 1 33 81 7 66 6 23 54 114 59 40 95 56 34 63 43 108 73 114 56 46 28 12 84 94 2 35 66 102 68 74 103 102 28 111 40 34 6 94 20 65 6 115 122 41 50 37 21 124 23 77 42 51 89 126 17 92 33 84 66 101 30 42 75 58 25 116 92 31 82 0 112 96 89 99 90 2 22 127 23 18 23 100 60 74 61 58 92 25 91 48 92 64 78 6 12 9 31 0 101 62 82 86 30 43 57 121 45 79 120 68 97 15 40 29 90 102 87 54 127 50 102 91 115 52 97 127 
61 0 127 35 62 81 121 93 125 50 86 42 2 78 111 99 94 23 1 56 125 88 110 125 11 84 88 126 8 58 125 70 58 124 105 121 77 98 86 74 20 44 117 22 122 100 122 88 123 123 16 121 83 126 118 94 82 78 92 91 8 89 33 67 85 10 60 35 108 18 109 0 0 62 98 23 56 70 17 17 66 12 33 59 95 32 49 62 114 127 26 77 8 116 110 75 73 120 7 108 100 25 90 101 87 60 124 15 3 13 32 69 25 66 0 120 98 49 54 84 48 81 34 56 69 16 3 14 
9 10 123 109 35 85 82 122 17 78 10 20 91 42 89 116 108 89 109 78 10 35 35 59 116 69 115 57 85 119 72 94 1 67 76 37 24 30 31 41 109 41 62 72 84 23 61 64 113 42 15 123 77 50 54 66 119 42 123 76 33 67 43 34 6 119 71 30 21 103 72 2 16 0 6 75 100 29 8 37 14 50 52 10 127 102 64 65 93 106 61 41 11 0 84 46 7 75 117 37 97 92 109 99 109 115 46 81 17 54 118 31 104 42 41 104 16 106 41 109 84 102 23 96 103 107 14 110 
55 3 19 24 96 1 123 77 116 42 30 5 96 21 37 73 63 78 49 80 56 90 61 13 65 84 109 40 64 123 22 119 126 41 15 94 42 10 43 31 52 74 36 21 95 73 94 30 24 15 110 80 105 44 93 42 0 74 82 64 69 104 55 68 18 70 34 60 81 78 91 5 24 0 0 26 119 73 120 21 97 7 4 50 113 48 15 27 48 90 110 113 31 86 40 99 104 111 6 37 64 84 0 69 108 0 96 99 74 88 120 43 96 124 93 81 44 109 108 93 71 90 78 102 49 118 74 25 
101 80 62 37 36 63 107 16 63 75 115 9 35 107 53 3 104 18 84 20 127 65 113 70 27 63 45 76 54 119 102 27 71 36 65 107 99 44 123 35 119 110 44 26 89 97 30 65 116 114 86 115 51 71 58 79 7 103 27 61 94 1 88 37 38 25 16 9 69 11 44 60 121 89 87 0 82 58 117 20 46 103 106 34 27 49 92 106 56 67 5 117 33 7 78 70 45 103 86 54 45 97 99 105 90 60 64 44 118 53 64 37 29 42 71 56 92 35 34 20 102 39 10 7 46 88 77 91 
63 35 18 108 4 117 86 94 49 22 10 39 76 75 76 105 117 19 33 81 54 67 102 28 106 112 35 25 72 112 116 7 19 6 116 23 123 74 117 44 96 0 84 44 75 32 21 64 52 54 18 106 121 120 7 100 104 42 125 48 27 113 55 46 120 43 70 115 117 59 32 86 59 116 2 6 0 20 24 71 72 78 89 51 72 81 58 44 57 100 41 105 127 26 32 46 18 76 116 6 65 47 38 23 107 26 26 113 46 50 56 119 0 17 42 72 98 100 116 27 72 29 4 72 56 37 118 74 
113 106 80 50 25 118 74 4 16 100 118 63 22 46 54 22 64 96 95 34 68 83 62 12 113 66 84 41 103 74 115 88 52 68 11 78 58 85 82 75 57 72 10 79 119 64 101 55 32 68 89 100 24 23 112 9 90 69 50 65 15 37 26 68 105 37 18 36 122 100 111 51 45 121 2 36 57 0 103 91 89 44 52 61 68 76 45 77 38 114 127 103 2 36 1 70 14 38 88 50 32 60 33 83 105 26 85 13 83 61 104 44 105 29 105 45 105 22 122 15 9 121 118 11 29 120 81 43 
30 41 93 63 101 126 18 79 24 104 92 107 37 69 23 14 98 0 59 75 23 53 90 32 46 80 43 75 72 124 119 103 37 84 38 10 83 56 89 107 32 54 87 69 123 110 83 93 111 14 40 6 67 2 38 113 82 81 61 27 77 52 2 114 8 40 124 91 96 86 71 1 12 30 70 7 12 26 0 100 123 40 12 1 108 14 39 93 96 120 26 123 69 78 125 55 87 37 52 50 6 10 121 7 22 23 77 29 36 103 1 31 16 13 33 124 27 72 89 123 65 116 119 6 66 116 62 25 
26 114 76 32 124 69 39 18 93 116 47 1 92 48 32 108 61 65 104 88 10 65 83 75 53 74 81 120 63 15 17 89 1 93 121 125 35 32 15 0 20 62 1 112 110 33 92 43 99 68 3 109 6 87 56 59 33 9 51 96 25 69 57 26 34 50 24 69 82 39 69 103 102 70 87 84 104 52 0 0 75 120 3 56 126 90 112 58 124 121 109 92 18 50 22 45 85 72 69 26 27 108 96 2 82 38 89 39 14 13 39 89 6 42 17 4 5 1 62 1 123 44 93 13 94 115 58 51 
60 127 78 87 108 46 89 62 84 50 101 99 64 12 60 70 55 78 74 60 79 9 61 74 53 26 88 19 14 18 71 74 18 21 33 126 67 122 60 23 44 34 122 108 46 55 50 101 5 125 33 84 6 94 31 59 121 119 78 7 9 21 81 27 42 114 25 109 108 86 5 24 120 127 5 38 54 55 12 59 0 52 45 16 58 12 47 117 5 38 68 12 47 89 93 75 4 79 100 113 59 58 118 83 50 118 88 89 44 16 101 104 68 18 120 127 30 39 116 35 77 56 47 124 18 12 71 22 
91 44 7 22 102 126 106 25 116 66 114 32 82 87 8 23 105 0 22 8 39 10 43 116 67 91 113 85 103 56 107 67 100 114 89 75 112 67 100 100 6 86 5 88 45 13 111 22 14 5 30 53 16 74 42 83 37 27 40 12 83 19 79 56 5 41 3 118 108 103 90 114 61 95 75 106 109 58 0 123 64 0 31 48 80 105 90 35 14 117 75 26 73 94 106 1 99 19 4 89 127 107 52 114 40 19 61 18 0 119 18 123 55 49 44 7 26 6 42 40 124 117 67 69 83 45 70 55 
64 74 16 63 53 68 49 93 88 110 111 88 102 1 84 29 51 0 37 77 6 79 118 2 69 57 71 24 102 13 79 38 87 96 101 12 36 23 105 124 5 88 85 107 90 41 9 13 41 46 90 47 125 80 50 66 9 121 91 111 7 42 21 94 10 123 107 47 18 84 43 23 45 0 3 7 41 12 20 82 58 110 0 2 55 63 52 122 72 45 85 56 52 127 77 19 10 72 126 57 90 82 100 114 127 101 117 6 14 1 26 97 59 9 99 114 72 23 108 16 68 65 72 121 65 22 12 75 
94 10 4 57 92 104 43 92 77 32 98 92 33 125 61 92 6 32 78 78 55 59 94 123 124 39 116 61 61 0 8 27 10 12 84 103 117 127 67 66 31 37 30 64 34 91 28 40 123 107 118 50 38 85 46 34 124 34 96 57 35 104 84 45 117 41 20 106 40 87 44 72 125 75 8 31 38 37 72 34 16 62 84 0 54 19 2 88 15 37 56 72 72 33 29 117 22 70 10 0 110 97 44 54 94 119 63 126 30 100 70 64 116 4 20 42 24 23 2 39 60 59 112 4 92 13 121 114 
83 3 114 65 101 30 120 67 22 55 65 52 27 7 116 15 12 8 57 36 31 59 75 91 118 59 95 82 72 89 68 27 92 54 93 65 85 85 5 107 12 70 31 39 78 19 54 90 27 111 126 59 42 73 22 33 5 118 115 77 79 56 105 43 110 70 109 67 27 114 46 39 56 77 78 6 96 4 96 124 115 94 55 29 0 40 77 62 45 67 50 122 18 106 99 62 88 41 43 28 68 29 74 107 85 24 57 92 120 61 60 116 48 27 43 78 67 121 12 112 60 62 106 79 40 78 13 1 
119 56 29 60 85 103 39 42 127 97 6 120 30 67 108 79 94 24 29 33 17 41 17 77 104 123 28 16 73 41 17 65 97 46 125 54 22 36 97 21 5 103 13 36 42 122 115 8 18 16 41 35 57 58 112 33 54 13 50 127 54 67 64 24 114 61 78 8 98 47 29 103 23 43 11 65 37 126 74 55 14 115 90 72 46 0 74 105 100 87 27 99 14 95 36 38 81 97 116 89 67 36 118 43 59 33 54 124 70 53 70 125 67 58 87 11 104 34 117 76 121 16 47 7 111 83 45 64 
53 34 25 120 70 16 35 1 49 90 125 120 15 68 117 82 126 77 94 102 111 83 50 104 99 97 112 83 53 29 19 106 63 45 98 5 61 6 6 110 96 4 102 111 72 92 65 70 41 31 44 24 114 94 0 86 63 112 41 116 14 60 94 77 105 65 83 38 71 89 21 39 93 123 22 37 87 87 107 0 119 23 24 105 117 25 0 63 53 9 104 41 23 37 8 101 14 73 56 53 16 17 74 55 111 69 77 20 29 36 0 29 27 23 54 5 13 79 68 66 88 45 107 112 82 115 85 96 
60 13 21 76 30 95 3 13 37 80 34 66 117 34 95 16 57 21 21 70 100 90 8 61 7 116 45 89 103 2 57 36 15 79 112 45 46 116 59 83 68 93 21 57 127 117 74 56 10 95 127 111 57 7 44 64 123 89 25 99 91 83 7 106 34 119 23 80 107 82 36 48 47 57 105 46 46 51 103 57 19 102 40 76 109 84 13 0 105 45 38 76 8 121 83 114 27 74 9 108 54 92 16 102 11 73 79 58 120 3 33 49 22 7 89 98 116 45 111 93 90 22 41 98 15 124 84 43 
71 93 23 125 57 39 99 69 112 50 127 104 53 32 25 75 39 114 46 27 31 29 121 121 51 34 91 67 31 47 110 102 13 5 99 70 44 70 11 28 120 10 5 46 42 30 121 81 17 39 109 48 69 102 42 120 8 5 59 39 53 41 13 66 46 112 8 90 54 20 119 47 30 124 93 73 26 86 26 43 126 7 92 67 109 6 59 118 0 11 119 29 64 32 43 2 79 27 11 41 82 31 32 1 61 28 94 6 55 52 33 98 50 40 62 117 22 68 49 12 80 40 41 16 72 84 19 23 
112 30 65 66 61 97 67 122 126 33 1 53 85 34 23 8 74 86 125 96 26 46 108 106 86 22 123 31 106 14 54 90 44 119 28 105 89 95 99 87 0 100 12 86 6 35 94 81 121 91 49 20 10 30 126 96 52 121 127 30 7 54 121 51 45 21 28 6 117 0 93 117 100 105 75 107 13 41 60 6 5 109 26 15 11 25 111 63 18 0 111 94 26 37 87 77 82 108 106 89 97 106 54 87 78 32 34 57 45 76 117 51 81 99 78 96 110 103 79 46 121 62 12 19 99 99 97 54 
79 75 15 49 53 69 8 3 101 42 61 18 118 50 70 71 21 20 39 4 123 119 50 116 53 62 8 25 33 105 79 112 52 94 33 105 35 41 108 9 84 41 27 74 92 97 18 113 117 57 117 112 48 39 101 102 101 109 127 6 86 78 119 10 44 24 115 79 66 95 88 22 9 116 96 101 85 114 86 75 44 76 59 92 115 32 66 89 13 65 0 95 99 15 86 109 59 111 96 11 49 64 99 71 73 87 39 46 45 26 4 120 70 80 51 34 68 84 101 29 97 38 124 69 54 83 50 113 
66 19 124 115 83 96 58 28 55 97 74 100 123 78 92 65 31 16 100 99 100 73 0 69 111 124 10 37 79 61 23 17 80 19 4 35 115 62 63 43 32 9 15 27 87 108 93 118 124 65 89 96 10 89 37 121 86 48 31 37 109 54 55 61 73 59 96 61 122 31 104 26 40 119 53 127 99 18 118 95 83 79 63 93 41 101 87 127 21 118 36 0 2 44 91 63 117 23 31 50 17 62 26 43 102 18 96 101 117 115 91 85 70 43 20 36 84 121 123 83 14 113 119 16 29 83 79 18 
106 110 69 123 44 95 38 18 113 6 120 103 121 83 60 64 126 80 100 82 74 95 37 88 80 29 105 109 112 56 127 90 39 68 85 83 36 123 102 21 1 94 124 123 49 56 59 48 9 31 2 83 126 40 43 78 69 20 59 53 77 58 15 116 127 100 71 35 95 45 56 96 11 53 91 61 109 22 109 118 53 111 73 51 23 117 1 92 9 60 17 86 0 119 32 74 118 4 18 25 99 63 81 68 75 6 31 8 116 54 117 106 107 100 52 31 124 41 32 88 50 93 106 9 84 10 83 74 
15 101 99 114 37 52 54 112 59 86 120 47 12 109 25 119 81 77 22 77 118 55 38 41 20 16 50 104 26 5 50 41 107 21 28 16 73 82 0 4 40 120 51 52 101 77 44 54 26 66 4 17 121 42 58 13 58 108 117 84 113 39 126 92 60 26 108 6 108 108 10 21 100 62 73 73 11 117 0 37 56 4 54 49 46 112 63 104 92 52 60 78 92 0 58 42 24 84 23 30 65 3 41 86 104 103 31 49 114 21 49 23 77 53 78 126 99 62 61 75 27 114 8 105 78 66 19 102 
23 42 5 88 46 46 46 22 21 77 71 7 98 121 30 47 46 108 46 18 43 107 93 70 93 101 47 43 40 66 18 63 109 23 23 27 69 69 49 90 18 120 97 117 113 127 36 32 108 82 50 23 62 15 93 27 117 12 71 29 78 89 92 59 112 115 86 53 56 7 15 74 0 112 63 113 111 100 17 91 54 67 114 116 83 79 16 72 91 87 101 42 48 65 0 101 32 52 60 85 108 67 100 54 67 84 118 53 67 90 70 31 16 10 17 5 93 97 21 37 60 108 10 102 28 75 76 60 
127 8 17 107 75 117 33 15 73 23 68 12 113 10 43 2 20 61 7 113 30 28 22 90 8 32 65 36 107 13 96 106 21 113 85 96 102 119 111 47 14 51 59 0 62 103 2 82 36 9 68 66 37 90 28 45 123 93 81 102 106 49 81 127 34 38 96 8 29 79 55 44 3 114 44 65 89 46 19 125 55 87 63 92 50 92 9 45 57 90 19 36 11 100 35 0 45 11 3 53 40 83 108 84 86 94 0 23 56 46 42 53 101 2 117 65 52 81 74 97 10 36 116 46 47 89 82 92 
100 85 17 12 40 125 97 126 92 97 21 20 16 64 73 117 66 62 55 118 15 1 87 26 38 75 72 85 36 26 50 8 112 67 21 24 65 118 23 29 87 44 49 103 108 122 93 46 57 20 36 72 21 123 98 59 71 43 17 107 69 67 116 53 6 9 78 71 127 101 100 86 17 21 62 126 16 27 44 73 47 81 17 68 76 116 0 19 31 17 127 100 84 115 26 90 0 124 104 34 123 77 6 81 94 28 15 92 44 42 9 117 89 90 6 30 38 122 30 58 25 47 57 126 3 44 24 93 
40 0 127 35 77 6 116 43 34 4 8 78 46 17 67 8 107 73 38 17 68 68 75 93 115 4 91 118 48 115 83 88 115 83 123 64 89 112 108 123 116 116 73 34 5 12 42 112 85 80 1 25 20 77 119 7 81 82 125 2 70 81 90 57 36 86 122 125 70 102 120 58 90 65 92 95 77 7 79 34 87 80 60 108 29 51 115 111 5 113 113 75 66 75 5 102 33 0 127 99 103 101 91 33 63 28 126 30 105 5 109 11 92 61 71 72 91 122 60 74 0 45 59 75 111 6 80 85 
40 79 56 15 52 19 49 115 47 47 17 24 52 126 35 16 60 107 89 23 101 21 97 101 66 28 49 49 34 1 6 74 81 62 90 5 81 11 121 0 58 10 24 110 9 59 126 69 38 87 92 12 108 61 113 46 89 34 95 123 36 101 70 117 35 32 122 116 43 115 116 101 126 12 83 7 72 81 76 110 41 40 122 21 101 108 68 62 14 35 57 50 9 127 39 44 31 34 0 33 74 21 21 47 19 34 2 26 106 84 102 88 125 14 83 18 115 63 86 49 77 122 107 0 3 106 39 47 
10 73 80 84 95 102 4 114 8 6 13 114 90 115 74 87 2 29 106 117 92 64 39 42 58 18 42 61 124 81 109 6 27 61 91 122 35 95 108 43 101 121 29 64 109 104 23 111 5 1 100 98 66 11 12 124 29 54 58 26 7 39 32 34 100 123 28 8 90 9 51 64 2 81 0 111 57 23 94 62 25 67 32 91 78 44 87 108 98 17 6 106 56 38 12 29 34 41 37 0 124 50 88 60 52 41 60 36 98 84 2 33 109 69 65 72 20 110 31 0 80 49 6 58 105 44 71 6 
78 112 43 75 34 4 7 86 45 68 122 16 24 125 49 5 66 114 77 86 96 108 86 49 29 92 107 7 9 50 13 87 34 57 34 68 61 42 27 106 110 21 122 6 18 43 11 85 30 88 43 126 68 2 47 98 94 27 105 103 77 118 63 112 47 97 52 108 11 79 87 121 101 81 127 119 125 10 76 27 98 120 25 39 122 73 9 88 100 114 64 49 104 127 33 24 96 86 4 108 0 37 91 101 10 45 101 2 42 111 78 69 82 70 94 121 64 39 2 25 11 116 89 61 92 88 94 116 
56 52 121 36 90 84 10 100 1 111 102 43 94 53 112 48 123 79 41 60 118 43 85 2 31 46 63 124 6 29 112 62 82 105 99 44 62 109 16 63 92 119 107 58 44 91 107 39 42 20 99 33 64 56 35 95 102 98 91 108 127 76 43 81 53 14 125 115 123 14 51 87 5 30 17 49 121 124 88 36 17 60 69 81 116 104 48 91 74 12 71 73 88 114 27 13 0 24 1 123 38 0 52 82 43 82 100 92 75 96 53 111 113 113 52 66 101 28 115 64 102 127 8 48 87 122 75 100 
123 99 101 118 10 25 73 53 107 45 18 55 13 71 38 127 56 91 65 29 119 52 94 94 51 102 14 10 96 89 111 91 60 84 82 70 110 27 124 89 72 14 16 85 85 55 84 13 18 22 42 9 74 8 103 126 110 117 8 79 78 119 42 11 76 124 81 58 23 77 19 95 91 36 53 48 91 9 61 109 31 104 118 106 112 94 104 95 83 112 46 34 104 88 45 52 85 126 110 108 76 1 0 76 39 37 1 88 0 10 21 109 42 125 100 20 110 66 124 77 21 108 123 55 84 83 100 8 
40 99 118 21 47 120 97 86 29 98 46 30 108 68 11 22 65 111 42 47 49 38 124 71 19 119 126 103 75 99 112 115 70 102 8 117 94 105 75 124 75 122 26 56 62 37 78 127 21 121 47 70 31 43 13 50 35 12 26 110 111 10 97 53 112 106 42 79 83 117 75 31 111 101 87 45 10 37 45 31 30 92 102 62 7 115 112 42 127 10 24 110 20 122 35 5 100 77 84 55 67 31 86 0 50 4 45 96 14 83 13 46 113 105 20 47 112 7 32 27 7 42 51 117 63 45 25 68 
17 102 24 73 41 55 31 92 59 77 60 73 32 73 119 17 50 11 65 34 19 97 61 26 11 113 15 74 30 40 14 48 15 38 121 56 93 24 20 24 101 80 98 5 25 89 23 75 101 88 110 120 57 43 18 68 28 33 15 59 74 29 107 89 68 100 17 33 124 38 58 98 118 28 103 16 117 126 91 90 86 73 82 15 117 100 84 17 6 99 76 80 0 55 41 68 27 58 102 24 96 32 122 87 0 60 97 103 49 96 66 12 54 12 94 70 1 67 26 18 73 125 95 25 125 22 66 66 
50 124 40 74 93 72 68 52 4 37 27 53 5 93 65 60 105 32 2 106 99 28 125 44 25 92 69 22 114 7 88 36 3 0 110 96 72 50 20 76 88 47 2 93 13 67 25 118 99 27 97 70 55 94 114 80 58 55 103 44 62 63 81 66 64 63 34 8 114 55 85 74 102 87 39 115 26 65 106 126 92 75 68 20 41 55 100 99 110 75 15 45 11 96 111 75 32 17 83 18 72 40 92 47 127 0 3 34 26 68 12 24 33 87 92 53 0 19 25 99 2 101 115 47 112 83 30 59 
115 47 14 5 120 55 97 39 54 101 73 80 41 86 104 74 45 69 127 46 88 25 17 90 126 4 9 110 88 39 41 75 87 55 81 79 110 50 118 37 23 63 117 65 21 94 11 67 35 11 113 123 36 2 86 34 7 95 16 95 7 57 42 94 112 123 45 95 46 35 4 69 98 121 6 120 87 18 59 122 29 44 118 65 46 76 99 53 43 115 20 50 44 63 16 28 58 61 123 104 96 127 46 67 121 52 0 59 80 70 118 75 99 34 65 36 80 13 7 6 56 122 26 107 38 89 123 67 
20 57 62 124 25 62 42 92 55 95 23 7 37 13 82 9 47 19 45 0 32 53 6 89 47 32 68 86 122 63 25 14 120 87 10 18 21 53 110 76 20 6 84 57 19 38 66 67 58 112 67 90 37 73 51 84 105 119 42 99 55 67 113 47 27 124 65 48 49 48 125 69 54 81 126 73 119 65 12 49 49 79 12 86 24 63 42 2 55 85 101 110 24 87 29 51 83 95 100 4 15 97 73 69 50 71 14 0 41 8 27 91 57 106 103 15 3 38 58 5 93 15 106 75 39 65 105 91 
20 72 63 24 87 32 97 28 82 41 42 123 49 69 86 107 48 61 122 51 100 52 56 65 67 34 13 107 100 118 70 120 62 5 17 21 37 114 49 119 27 91 114 77 33 73 56 81 6 50 4 106 103 60 44 42 94 57 21 66 47 91 59 109 96 76 2 5 62 51 124 90 14 111 39 47 56 95 0 62 17 4 41 120 64 85 35 31 14 56 97 61 20 28 42 116 104 44 122 39 95 118 1 109 101 40 29 29 0 7 29 92 24 34 5 17 98 90 52 1 104 108 99 37 0 127 79 117 
104 123 111 15 90 101 16 71 75 56 100 104 63 2 68 87 36 73 104 6 35 28 8 11 9 107 48 9 106 127 126 82 122 109 97 84 83 113 28 30 41 0 6 104 2 75 64 38 20 40 45 56 69 53 67 78 32 116 87 10 115 86 93 110 67 62 66 22 48 94 52 89 95 59 66 97 6 2 8 26 42 53 82 111 106 22 61 10 10 21 20 125 107 113 107 46 48 46 69 96 12 121 57 107 52 123 77 58 125 0 85 85 40 10 39 23 116 61 85 126 71 106 18 69 85 4 48 3 
52 94 72 20 107 66 77 86 118 73 35 49 70 120 6 110 2 45 6 118 107 91 116 50 69 7 119 26 11 40 29 63 6 102 83 113 40 32 72 30 105 107 79 48 100 85 30 102 3 36 93 110 127 81 32 68 88 24 94 99 64 124 34 70 98 117 56 10 22 0 40 127 107 120 47 79 77 78 54 80 114 19 62 114 100 95 54 61 119 21 32 55 17 67 125 115 56 53 125 78 53 37 78 33 29 125 112 107 75 38 0 59 62 57 122 48 30 89 102 91 80 123 123 7 12 62 4 127 
119 58 124 69 111 34 19 16 63 17 1 42 92 39 102 26 97 96 74 127 57 49 90 9 44 85 16 57 20 20 56 11 78 53 80 62 87 100 78 22 117 79 65 81 119 39 108 88 7 54 87 64 103 49 73 20 6 89 77 26 109 5 37 60 58 118 122 17 90 72 40 79 24 105 32 15 16 12 103 23 67 62 87 42 111 32 62 117 121 11 16 102 17 53 34 75 43 28 93 5 101 5 84 125 110 117 12 126 1 115 21 0 68 49 108 111 32 12 45 21 5 57 37 107 74 91 14 21 
6 42 114 12 15 119 96 12 101 85 24 99 87 11 120 27 60 100 10 92 112 56 114 117 113 23 97 59 114 111 80 121 25 67 5 41 58 101 53 32 59 78 3 18 89 124 45 22 96 56 114 81 112 100 70 97 124 39 28 110 22 108 103 48 47 108 89 106 82 14 10 13 92 13 31 54 9 76 76 106 4 62 59 116 35 1 85 31 41 113 13 63 94 117 111 13 97 72 119 51 87 1 64 51 15 95 105 24 44 53 2 48 0 116 61 37 23 63 122 54 104 108 67 39 74 56 23 87 
26 95 79 77 54 80 14 106 95 109 83 120 25 9 122 74 125 56 111 20 119 105 74 95 85 13 6 31 70 29 119 96 125 70 45 51 22 59 29 118 41 113 110 66 122 104 12 119 32 123 11 23 101 85 118 58 98 125 90 40 26 81 8 23 23 54 75 45 113 104 35 26 89 17 93 83 122 105 74 26 101 85 50 74 42 40 4 13 37 94 53 64 47 62 87 70 116 34 116 101 11 23 0 100 41 93 56 35 70 2 61 43 88 0 111 117 2 24 122 15 61 88 69 125 8 3 85 78 
119 119 66 92 2 90 92 103 3 57 31 38 0 33 99 43 121 83 33 124 107 27 11 40 115 80 38 123 83 123 74 74 114 12 39 117 102 3 92 105 61 123 15 61 28 115 104 22 70 9 18 49 36 29 89 24 110 127 19 65 122 93 12 109 106 51 98 80 54 62 58 115 57 73 48 85 60 25 107 2 34 125 51 71 27 13 95 9 12 114 74 7 80 86 116 58 9 86 10 64 20 68 51 77 14 100 34 74 125 14 77 31 11 0 0 102 38 13 69 47 26 56 122 33 8 80 21 66 
90 107 76 26 127 17 77 76 31 49 110 105 46 124 54 78 8 55 52 46 68 122 94 94 50 88 127 58 40 20 124 2 127 72 28 126 89 106 74 120 27 57 98 74 53 24 24 61 79 76 108 20 70 74 114 120 34 114 50 74 6 46 77 6 119 105 4 80 83 79 73 111 8 43 57 61 67 81 123 19 29 103 39 100 49 25 92 83 11 15 29 18 61 106 24 52 84 28 5 39 107 78 22 115 121 79 49 60 32 44 79 62 19 118 34 0 68 16 126 23 27 13 52 45 75 31 69 127 
115 98 4 26 77 82 49 65 75 0 114 8 33 30 87 95 49 78 1 117 94 127 12 121 13 64 39 88 95 108 87 82 78 92 109 28 46 30 93 122 30 79 2 63 109 89 30 30 39 31 19 5 31 31 127 44 95 38 4 63 18 91 17 97 55 126 125 102 28 90 96 59 41 98 122 22 59 25 52 99 56 71 104 87 102 103 3 69 13 7 4 32 99 22 1 26 20 126 0 49 88 96 108 1 66 102 23 126 127 75 97 56 18 73 15 120 0 49 19 61 62 26 66 94 125 88 95 24 
108 93 24 29 53 121 9 54 59 112 77 57 111 24 26 39 42 100 55 34 21 74 96 83 100 34 50 98 122 17 122 102 111 18 4 36 11 13 91 71 125 40 0 109 65 27 20 107 127 75 14 20 21 110 103 122 16 25 92 10 43 86 112 26 104 116 62 116 2 25 59 127 66 59 108 3 86 1 110 85 76 124 105 98 106 81 92 122 106 56 4 21 14 117 47 118 105 110 106 107 7 37 107 73 97 87 76 55 88 59 13 37 55 118 7 34 71 0 99 28 50 27 33 71 41 22 119 31 
127 101 10 107 108 47 86 54 16 45 2 72 6 61 85 43 117 75 50 23 19 21 51 69 48 84 12 89 106 3 120 106 104 2 85 85 50 43 11 66 88 13 10 94 75 95 9 64 43 59 87 62 80 10 3 0 95 15 89 73 19 82 51 123 84 8 80 6 51 91 73 12 105 83 106 52 51 116 116 94 47 75 28 0 85 31 0 52 46 90 126 65 44 49 61 0 58 13 7 109 105 80 121 82 35 100 6 86 88 122 52 7 69 80 7 26 111 8 0 79 30 98 77 95 14 126 28 14 
56 42 21 38 19 101 31 101 9 3 107 95 91 101 20 99 42 100 106 68 84 114 19 114 84 96 81 98 95 110 113 23 24 6 61 43 108 93 16 117 96 123 84 60 96 104 31 10 77 9 78 33 124 98 19 80 66 100 51 33 82 36 57 106 42 118 21 22 83 37 11 52 32 96 112 0 72 15 10 21 24 89 54 20 59 73 101 125 46 24 31 0 60 88 107 102 78 0 125 34 38 8 86 70 104 70 71 49 85 81 70 109 42 125 2 101 70 103 99 0 116 127 2 117 59 90 96 33 
40 96 30 74 6 39 32 77 15 102 20 64 59 101 7 41 16 4 43 117 74 18 88 63 17 90 52 76 52 20 109 93 116 12 39 123 51 72 72 66 46 92 3 106 65 10 19 81 14 62 71 88 80 31 23 97 122 75 45 46 95 26 11 84 38 51 79 89 123 23 28 41 115 31 19 52 41 38 6 55 100 77 15 52 108 39 21 102 114 66 21 82 93 32 38 3 83 117 93 78 12 121 120 127 24 11 51 65 50 57 120 22 6 7 75 115 46 96 89 33 0 35 110 115 0 15 25 3 
98 14 96 49 26 89 41 25 113 52 76 50 102 6 42 125 12 50 72 127 96 40 89 1 75 71 116 75 86 13 79 57 27 47 106 53 9 19 78 122 71 27 45 46 33 87 43 45 9 115 45 106 27 6 107 103 77 96 50 36 109 1 93 9 49 71 62 58 90 13 52 33 40 97 79 73 57 122 118 66 109 35 44 9 41 24 112 119 120 34 27 101 36 120 110 85 63 45 15 25 58 67 58 98 37 10 43 94 4 33 32 114 69 77 123 110 101 107 101 93 13 0 0 66 49 120 49 6 
55 94 21 80 24 89 11 122 126 21 37 92 25 70 124 11 11 73 6 122 46 113 95 11 127 96 78 48 88 127 55 16 93 76 96 117 37 107 111 35 0 20 127 26 90 124 37 102 69 44 96 116 29 63 127 28 31 77 77 120 76 4 8 41 80 104 30 118 84 13 25 84 33 25 110 124 21 20 98 90 64 66 78 93 1 78 122 33 27 71 25 104 75 33 17 27 9 48 17 93 61 43 50 95 68 32 91 89 52 61 51 116 127 2 82 0 80 76 33 107 19 58 0 83 94 91 101 121 
101 21 11 66 82 54 116 49 122 21 12 83 73 73 6 62 72 8 16 73 88 92 106 68 111 37 23 77 0 124 70 101 17 81 40 100 7 28 21 1 49 34 84 123 107 91 57 52 99 73 125 60 37 103 0 20 12 23 97 13 20 39 114 37 121 26 9 0 55 31 2 104 65 86 99 44 49 28 96 21 101 93 81 10 69 81 30 81 104 127 94 124 39 81 34 32 107 43 32 34 74 34 11 11 121 110 56 42 11 24 63 112 118 16 123 59 97 25 12 74 25 107 70 0 64 60 104 96 
39 20 0 74 94 35 85 106 28 67 34 70 78 58 6 63 48 22 58 107 120 83 120 66 108 99 8 44 31 113 12 70 5 13 16 99 48 101 77 76 41 111 18 119 42 24 54 90 47 112 70 39 68 62 105 48 33 113 93 64 98 105 6 103 118 23 75 38 124 24 114 37 8 5 29 50 29 83 12 76 68 82 115 8 16 92 56 49 78 21 113 48 127 120 24 117 15 99 28 11 123 14 49 3 19 78 53 49 33 66 125 101 20 113 109 37 77 38 86 27 59 72 76 58 0 64 100 48 
79 71 76 90 66 90 11 70 110 89 123 31 123 61 28 96 82 13 78 119 91 116 77 118 47 21 66 106 85 38 26 36 109 102 127 48 64 10 118 46 100 113 77 95 47 106 63 1 119 13 120 82 1 69 73 49 91 11 27 48 50 53 85 31 27 84 79 91 94 69 10 66 55 87 33 102 65 97 103 57 110 95 11 112 36 84 33 127 96 60 48 18 113 5 49 12 89 1 103 55 70 113 122 125 73 27 99 10 124 74 67 107 41 79 91 78 35 124 77 3 56 125 21 41 2 0 71 53 
91 72 28 19 14 14 13 12 87 40 111 97 37 58 37 16 99 116 107 49 23 103 127 27 31 124 48 72 127 119 125 90 63 25 109 78 39 122 90 126 35 73 96 72 3 5 88 103 121 67 24 16 42 23 43 73 20 92 17 19 83 14 109 19 39 91 97 79 85 59 77 120 4 45 64 8 50 24 111 43 91 7 60 5 31 103 78 51 67 95 70 23 109 51 42 21 14 11 100 100 70 49 92 74 95 29 82 17 53 65 61 17 73 121 22 104 96 101 27 36 68 97 59 50 20 101 0 71 
35 112 43 7 54 92 99 0 59 0 83 77 54 20 10 71 93 3 93 69 99 66 96 7 7 65 66 57 86 39 0 121 23 43 0 77 7 99 78 67 100 33 16 26 53 26 97 19 29 62 88 0 1 57 8 8 122 74 65 80 114 65 73 9 108 73 87 115 45 37 54 17 70 70 43 123 96 12 14 125 74 103 126 75 32 6 83 26 80 20 107 66 85 52 76 65 126 35 53 43 72 107 60 14 50 103 9 18 115 24 16 61 127 14 9 31 20 92 57 100 113 36 39 70 89 115 8 0 
