16
0 60 115 65 2 25 94 15 63 103 116 111 51 118 16 73 
12 0 57 31 121 20 7 73 21 12 97 29 101 50 55 115 
47 115 0 102 112 117 127 78 5 63 54 121 46 105 111 63 
50 123 120 0 82 116 12 89 61 33 101 30 62 75 80 118 
62 127 105 36 0 111 95 36 62 100 99 116 93 17 93 76 
80 15 71 72 97 0 59 85 58 120 118 32 22 53 107 103 
43 41 102 20 77 86 0 115 113 20 87 84 8 52 102 101 
0 54 116 71 127 86 2 0 84 16 122 74 48 17 127 27 
120 42 68 94 63 18 52 50 0 3 72 10 88 80 62 62 
53 63 116 42 6 115 0 9 71 0 16 3 18 65 20 17 
92 12 60 33 107 123 51 31 45 54 0 104 55 14 56 118 
76 110 53 65 24 59 52 24 68 124 40 0 72 14 105 92 
31 70 105 91 103 84 86 26 115 4 80 91 0 59 95 20 
49 43 2 102 108 26 34 33 50 102 29 90 46 0 43 68 
11 74 10 116 38 113 72 124 11 59 0 91 23 60 0 58 
43 109 102 45 84 82 71 118 115 121 92 16 83 11 59 0 
