32
0 60 115 65 2 25 94 15 63 103 116 111 51 118 16 73 12 57 31 121 20 7 73 21 12 97 29 101 50 55 115 47 
115 0 102 112 117 127 78 5 63 54 121 46 105 111 63 50 123 120 82 116 12 89 61 33 101 30 62 75 80 118 62 127 
105 36 0 111 95 36 62 100 99 116 93 17 93 76 80 15 71 72 97 59 85 58 120 118 32 22 53 107 103 43 41 102 
20 77 86 0 115 113 20 87 84 8 52 102 101 0 54 116 71 127 86 2 84 16 122 74 48 17 127 27 120 42 68 94 
63 18 52 50 0 3 72 10 88 80 62 62 53 63 116 42 6 115 0 9 71 16 3 18 65 20 17 92 12 60 33 107 
123 51 31 45 54 0 104 55 14 56 118 76 110 53 65 24 59 52 24 68 124 40 72 14 105 92 31 70 105 91 103 84 
86 26 115 4 80 91 0 59 95 20 49 43 2 102 108 26 34 33 50 102 29 90 46 43 68 11 74 10 116 38 113 72 
124 11 59 0 91 23 60 0 58 43 109 102 45 84 82 71 118 115 121 92 16 83 11 59 23 22 6 33 10 44 18 82 
40 29 13 41 121 36 101 51 0 79 82 25 124 38 108 67 28 95 60 121 112 16 4 43 39 26 49 73 36 93 91 118 
6 121 3 47 114 40 20 37 119 0 102 63 116 13 43 55 41 10 116 34 122 4 38 38 43 64 87 116 100 53 80 90 
59 73 94 106 59 6 126 96 125 100 0 31 113 113 74 41 27 85 29 61 79 33 100 117 76 36 77 65 9 2 17 99 
61 90 65 39 21 71 37 117 69 9 21 0 54 123 95 95 22 52 124 83 4 29 55 121 106 92 70 43 101 72 60 72 
5 22 10 44 43 81 81 32 22 91 53 77 0 86 21 44 108 73 41 63 77 70 119 71 48 83 13 91 56 86 23 0 
91 45 10 8 88 92 89 121 114 52 46 63 10 0 67 108 118 13 21 54 90 91 45 33 12 0 47 103 56 5 127 56 
96 44 67 104 5 31 66 126 17 118 44 81 1 112 0 61 119 125 82 45 87 45 90 121 57 90 40 33 18 45 32 75 
13 76 14 118 81 45 56 79 62 46 124 15 47 108 76 0 39 105 30 84 64 76 47 57 5 9 97 38 28 14 70 103 
28 19 117 18 100 34 74 52 96 120 48 112 40 28 60 79 0 5 91 35 69 39 82 127 44 92 96 83 120 111 25 95 
11 44 84 29 17 118 103 69 86 95 117 70 7 17 3 86 22 0 94 122 91 5 76 90 49 40 59 4 32 42 30 127 
53 74 83 82 91 73 57 32 32 24 21 102 32 38 105 118 60 71 0 112 24 76 61 114 126 101 45 2 6 87 32 5 
12 107 89 94 70 34 23 103 66 48 124 41 80 35 18 70 95 90 55 0 119 38 116 106 36 89 23 39 95 111 71 101 
123 50 62 90 121 96 113 96 35 33 92 76 113 127 94 56 95 56 111 86 0 95 99 64 3 60 88 42 28 71 114 1 
66 36 63 28 29 31 14 125 66 47 90 14 33 89 109 89 56 37 72 15 4 0 43 79 8 103 39 50 3 110 36 4 
49 73 67 77 102 99 91 100 37 11 62 52 44 23 33 5 80 70 77 95 75 120 0 46 83 95 86 5 99 68 42 103 
117 115 43 67 89 14 30 61 51 41 123 103 85 19 8 90 99 79 39 66 26 31 112 0 109 127 70 114 98 11 28 73 
0 15 116 67 105 2 98 38 54 11 34 29 97 53 38 59 24 117 99 90 15 2 74 124 0 1 17 110 99 28 11 45 
28 26 33 96 3 36 66 42 90 77 76 119 46 1 29 106 25 18 77 115 33 79 61 29 81 0 78 12 52 106 23 97 
7 49 3 103 53 39 41 95 1 118 43 120 37 44 22 15 69 40 92 56 74 43 117 103 124 68 0 115 49 46 10 18 
53 60 21 28 113 60 69 80 61 60 123 54 97 39 76 112 108 116 76 36 62 119 25 38 116 93 25 0 37 12 36 55 
65 96 77 94 81 9 35 33 71 95 28 125 64 67 73 48 47 61 124 83 124 116 108 34 104 74 59 13 0 86 95 68 
23 63 17 117 16 27 25 49 98 120 77 95 57 16 40 105 63 101 102 18 97 90 127 3 66 73 63 79 31 0 30 19 
54 94 37 44 110 64 69 32 34 61 109 1 118 126 41 96 61 14 70 80 112 32 79 115 98 24 50 49 55 81 0 68 
109 47 105 25 29 41 94 61 75 28 43 76 18 41 117 114 102 4 56 54 116 88 5 103 58 29 26 107 84 107 48 0 
