64
0 60 115 65 2 25 94 15 63 103 116 111 51 118 16 73 12 57 31 121 20 7 73 21 12 97 29 101 50 55 115 47 115 102 112 117 127 78 5 63 54 121 46 105 111 63 50 123 120 82 116 12 89 61 33 101 30 62 75 80 118 62 127 105 
36 0 111 95 36 62 100 99 116 93 17 93 76 80 15 71 72 97 59 85 58 120 118 32 22 53 107 103 43 41 102 20 77 86 115 113 20 87 84 8 52 102 101 0 54 116 71 127 86 2 84 16 122 74 48 17 127 27 120 42 68 94 63 18 
52 50 0 3 72 10 88 80 62 62 53 63 116 42 6 115 0 9 71 16 3 18 65 20 17 92 12 60 33 107 123 51 31 45 54 104 55 14 56 118 76 110 53 65 24 59 52 24 68 124 40 72 14 105 92 31 70 105 91 103 84 86 26 115 
4 80 91 0 59 95 20 49 43 2 102 108 26 34 33 50 102 29 90 46 43 68 11 74 10 116 38 113 72 124 11 59 0 91 23 60 58 43 109 102 45 84 82 71 118 115 121 92 16 83 11 59 23 22 6 33 10 44 18 82 40 29 13 41 
121 36 101 51 0 79 82 25 124 38 108 67 28 95 60 121 112 16 4 43 39 26 49 73 36 93 91 118 6 121 3 47 114 40 20 37 119 102 63 116 13 43 55 41 10 116 34 122 4 38 38 43 64 87 116 100 53 80 90 59 73 94 106 59 
6 126 96 125 100 0 31 113 113 74 41 27 85 29 61 79 33 100 117 76 36 77 65 9 2 17 99 61 90 65 39 21 71 37 117 69 9 21 54 123 95 95 22 52 124 83 4 29 55 121 106 92 70 43 101 72 60 72 5 22 10 44 43 81 
81 32 22 91 53 77 0 86 21 44 108 73 41 63 77 70 119 71 48 83 13 91 56 86 23 0 91 45 10 8 88 92 89 121 114 52 46 63 10 67 108 118 13 21 54 90 91 45 33 12 0 47 103 56 5 127 56 96 44 67 104 5 31 66 
126 17 118 44 81 1 112 0 61 119 125 82 45 87 45 90 121 57 90 40 33 18 45 32 75 13 76 14 118 81 45 56 79 62 46 124 15 47 108 76 39 105 30 84 64 76 47 57 5 9 97 38 28 14 70 103 28 19 117 18 100 34 74 52 
96 120 48 112 40 28 60 79 0 5 91 35 69 39 82 127 44 92 96 83 120 111 25 95 11 44 84 29 17 118 103 69 86 95 117 70 7 17 3 86 22 94 122 91 5 76 90 49 40 59 4 32 42 30 127 53 74 83 82 91 73 57 32 32 
24 21 102 32 38 105 118 60 71 0 112 24 76 61 114 126 101 45 2 6 87 32 5 12 107 89 94 70 34 23 103 66 48 124 41 80 35 18 70 95 90 55 119 38 116 106 36 89 23 39 95 111 71 101 123 50 62 90 121 96 113 96 35 33 
92 76 113 127 94 56 95 56 111 86 0 95 99 64 3 60 88 42 28 71 114 1 66 36 63 28 29 31 14 125 66 47 90 14 33 89 109 89 56 37 72 15 4 43 79 8 103 39 50 3 110 36 4 49 73 67 77 102 99 91 100 37 11 62 
52 44 23 33 5 80 70 77 95 75 120 0 46 83 95 86 5 99 68 42 103 117 115 43 67 89 14 30 61 51 41 123 103 85 19 8 90 99 79 39 66 26 31 112 109 127 70 114 98 11 28 73 0 15 116 67 105 2 98 38 54 11 34 29 
97 53 38 59 24 117 99 90 15 2 74 124 0 1 17 110 99 28 11 45 28 26 33 96 3 36 66 42 90 77 76 119 46 1 29 106 25 18 77 115 33 79 61 29 81 78 12 52 106 23 97 7 49 3 103 53 39 41 95 1 118 43 120 37 
44 22 15 69 40 92 56 74 43 117 103 124 68 0 115 49 46 10 18 53 60 21 28 113 60 69 80 61 60 123 54 97 39 76 112 108 116 76 36 62 119 25 38 116 93 25 37 12 36 55 65 96 77 94 81 9 35 33 71 95 28 125 64 67 
73 48 47 61 124 83 124 116 108 34 104 74 59 13 0 86 95 68 23 63 17 117 16 27 25 49 98 120 77 95 57 16 40 105 63 101 102 18 97 90 127 3 66 73 63 79 31 30 19 54 94 37 44 110 64 69 32 34 61 109 1 118 126 41 
96 61 14 70 80 112 32 79 115 98 24 50 49 55 81 0 68 109 47 105 25 29 41 94 61 75 28 43 76 18 41 117 114 102 4 56 54 116 88 5 103 58 29 26 107 84 107 48 66 26 25 91 55 67 58 117 14 86 32 91 104 73 80 91 
47 84 19 102 72 108 107 48 38 9 74 18 93 53 66 31 0 79 91 123 6 30 53 123 45 11 27 8 115 100 88 78 20 45 98 122 117 78 101 37 116 110 111 6 76 36 72 107 115 36 102 122 66 27 117 111 38 17 119 26 117 80 104 9 
125 74 3 114 24 105 24 13 87 7 19 35 44 92 15 31 0 0 117 25 66 17 15 50 55 32 41 81 21 121 58 31 118 4 34 105 29 11 1 42 99 8 61 6 52 25 21 84 25 11 109 92 28 124 14 83 28 55 37 50 49 95 81 39 
99 115 16 0 127 17 42 98 26 104 104 78 1 126 34 27 9 16 0 119 37 12 5 120 41 60 29 91 109 124 44 21 96 31 37 96 30 55 11 0 81 115 105 31 116 103 66 15 112 82 6 21 94 11 13 7 72 43 98 53 39 14 74 7 
46 112 104 76 39 115 77 120 102 54 23 90 29 89 106 13 43 112 34 0 10 124 47 17 68 90 116 121 2 2 68 9 48 52 113 125 91 100 74 83 74 0 106 37 29 68 15 42 111 127 76 121 123 123 11 63 86 127 57 88 1 125 97 50 
49 83 47 12 55 121 95 2 121 73 39 22 13 54 64 125 53 12 118 49 0 7 1 112 93 0 41 53 2 38 23 52 87 106 99 99 33 92 66 35 85 12 74 107 25 0 43 22 54 55 13 103 62 14 87 28 15 1 81 17 39 104 69 127 
82 40 98 116 4 37 23 89 49 98 68 74 98 111 97 24 38 110 127 100 124 0 87 0 11 88 82 28 127 58 97 126 13 9 97 1 13 6 24 102 55 122 42 1 93 25 98 117 63 80 117 36 77 76 36 88 36 118 117 35 49 86 34 62 
96 3 63 109 9 87 84 64 82 126 65 47 24 36 36 87 116 25 123 65 101 32 0 26 9 22 15 45 71 101 79 5 69 82 68 51 91 28 7 27 110 5 92 29 29 0 65 117 117 91 112 54 64 16 80 74 39 95 119 110 69 70 116 10 
24 56 61 115 84 68 14 66 74 106 95 103 107 33 92 96 124 77 22 60 93 103 6 0 4 70 125 115 11 67 103 22 91 31 83 78 116 24 92 54 98 71 22 73 50 55 38 18 51 115 40 111 80 15 118 85 86 115 72 97 55 47 119 18 
78 75 97 66 99 61 121 69 4 15 14 54 70 52 72 121 39 113 104 120 0 94 77 86 0 82 21 56 9 68 47 27 18 122 124 85 93 58 78 34 62 93 49 117 35 101 61 28 13 46 4 5 47 99 82 5 53 103 61 62 43 109 89 61 
103 86 18 69 16 96 103 78 61 24 67 96 126 1 124 11 47 1 16 94 100 98 100 25 73 0 33 87 116 14 48 49 118 6 68 59 22 36 34 101 98 59 40 66 57 41 63 68 89 64 84 55 36 54 27 61 127 61 20 115 75 68 36 65 
75 104 124 97 13 31 70 111 90 111 49 19 24 112 87 113 48 43 41 84 97 68 17 96 1 37 0 83 77 106 119 14 53 96 11 22 109 42 93 92 4 76 13 23 100 126 110 86 46 25 127 3 122 67 20 90 69 58 45 18 36 36 32 89 
4 43 111 113 85 76 77 89 24 91 112 125 89 94 83 7 119 82 10 113 21 31 75 90 89 120 108 0 125 29 13 86 33 56 69 19 14 18 96 103 42 59 88 39 20 54 122 28 46 76 38 31 98 69 107 60 30 99 41 27 0 54 113 34 
110 55 53 124 73 21 100 115 81 60 27 101 114 21 1 32 98 40 64 68 109 43 0 12 14 41 39 15 0 95 25 49 78 80 102 74 25 123 46 12 76 106 39 50 93 61 51 125 31 91 61 99 73 104 99 85 119 13 124 6 108 21 55 58 
101 29 5 126 24 51 11 101 30 50 23 123 111 74 120 14 38 54 113 111 30 85 68 21 98 64 27 78 86 0 82 9 59 111 14 58 8 65 69 109 95 119 4 90 103 78 83 117 116 9 103 99 39 60 39 61 30 104 88 108 62 43 117 121 
26 3 51 34 69 120 15 36 112 19 127 87 98 82 76 86 91 51 58 2 111 97 63 13 73 24 122 7 67 111 0 1 93 115 52 0 56 45 15 92 29 35 91 116 5 45 64 91 8 116 21 11 99 119 74 113 64 98 107 72 37 90 73 3 
77 125 3 5 42 18 98 71 53 61 59 58 107 124 22 115 112 43 126 83 34 73 68 99 43 47 43 81 10 116 84 0 87 113 87 93 28 105 63 99 31 124 31 89 103 27 111 91 11 27 89 94 61 34 35 32 78 82 75 31 92 63 115 52 
49 74 17 77 51 80 48 82 76 79 44 52 106 27 15 117 54 104 84 116 11 119 20 89 73 96 120 38 31 107 90 80 0 53 107 29 104 59 78 59 7 29 103 59 8 2 74 125 57 51 81 45 62 72 65 23 18 33 15 56 65 122 18 17 
47 125 47 23 56 125 82 63 26 57 123 34 60 69 32 117 120 113 34 54 58 99 77 76 5 92 4 70 86 22 87 5 19 0 6 29 75 3 111 10 30 41 5 64 101 75 96 90 67 82 124 122 12 95 71 88 100 36 92 42 122 114 2 0 
5 8 29 80 12 12 90 42 53 96 106 26 43 75 116 110 29 112 104 41 80 48 1 52 84 93 95 78 79 97 78 84 105 107 0 36 117 120 126 31 45 94 10 72 9 85 60 120 114 45 96 27 125 16 28 49 100 121 16 51 72 113 1 28 
91 109 64 80 101 62 112 18 29 122 90 38 79 23 30 65 68 127 92 65 15 120 114 116 113 3 39 57 116 40 85 79 21 21 32 0 122 83 16 13 112 10 103 23 89 126 53 26 66 52 118 3 68 110 118 56 95 121 95 24 109 7 109 61 
29 2 93 23 85 109 36 70 119 12 93 80 10 18 106 77 71 96 80 11 78 70 67 45 63 34 69 45 41 50 106 70 52 71 94 9 0 52 2 79 43 14 44 123 25 63 101 102 6 69 54 17 19 125 84 64 60 118 5 105 31 55 83 102 
107 26 68 116 78 70 68 121 85 112 116 110 47 89 84 53 30 10 70 49 7 26 113 68 16 118 45 48 45 1 22 24 27 90 13 106 32 0 81 99 117 65 88 99 113 49 55 38 80 66 109 1 73 7 115 13 24 105 59 72 23 60 94 47 
87 56 60 65 88 13 37 78 79 125 49 64 46 105 102 126 43 83 0 116 91 115 2 115 92 61 59 115 121 25 35 80 81 95 18 41 109 55 0 119 60 52 41 124 98 18 98 97 61 54 97 49 17 84 51 4 48 112 63 36 105 88 71 58 
41 38 76 82 19 3 74 79 55 115 75 25 5 46 122 66 100 91 115 117 47 39 121 96 23 56 4 1 16 75 59 57 113 7 11 5 10 85 84 0 65 72 32 90 77 78 85 15 50 48 3 39 96 42 32 64 65 88 68 66 104 15 125 33 
0 4 44 5 14 2 90 79 74 122 42 24 72 127 39 122 47 42 33 15 84 65 79 22 25 19 88 1 34 86 34 35 90 78 40 105 80 2 56 27 0 124 98 51 68 97 90 62 17 5 95 32 89 32 112 111 57 3 72 58 38 30 92 73 
120 43 113 97 123 116 26 22 112 124 73 53 94 36 115 111 41 83 15 2 115 127 114 45 3 58 103 41 88 68 114 80 111 99 50 106 87 76 1 72 72 0 74 125 38 110 112 21 23 67 37 26 55 36 12 100 39 70 75 80 30 15 66 110 
126 38 32 105 125 108 106 69 53 52 66 91 35 51 113 58 118 22 84 45 58 96 17 98 38 93 50 68 108 117 51 107 27 83 84 24 64 62 94 117 114 32 0 80 21 83 65 80 74 87 36 119 18 5 9 116 43 102 38 112 82 27 35 61 
54 118 17 79 54 79 45 43 66 77 124 87 33 61 39 107 21 76 98 39 81 107 27 124 81 65 108 36 93 15 97 19 6 115 98 60 66 15 104 4 93 100 92 0 126 33 3 105 54 79 75 93 32 55 120 29 8 58 9 44 23 25 14 42 
31 1 13 91 67 28 67 72 121 39 36 119 73 39 96 127 119 44 93 23 99 85 52 107 15 62 24 38 87 38 81 118 39 94 81 106 122 21 50 116 60 86 107 5 0 126 76 5 117 120 98 12 91 55 65 70 71 127 94 109 86 4 62 76 
43 28 29 22 23 50 72 11 111 31 118 116 29 66 121 18 58 91 30 21 19 95 92 90 94 58 71 52 63 6 0 106 34 30 0 57 80 73 68 63 104 59 52 5 125 0 45 23 56 9 53 77 28 21 41 118 115 100 61 40 35 67 40 13 
102 70 14 31 23 87 100 86 63 31 10 68 28 56 91 84 65 16 34 93 37 75 83 25 47 16 65 82 84 105 96 58 48 110 89 71 69 61 29 4 92 40 72 121 96 35 0 77 33 51 111 126 89 59 81 114 106 97 51 61 53 28 29 111 
76 11 73 19 80 6 49 84 99 89 28 92 57 63 41 90 114 25 88 75 84 41 61 62 10 112 123 64 13 24 47 89 35 120 109 115 127 30 71 98 119 99 62 48 34 103 10 0 21 0 98 96 84 11 30 19 21 14 14 85 27 39 5 117 
74 125 98 62 124 0 5 94 119 105 28 39 11 4 49 32 4 19 1 89 30 31 108 51 45 122 9 73 33 14 62 108 11 32 42 8 32 47 102 23 24 3 62 36 7 111 68 11 0 2 69 100 32 100 80 83 18 75 92 91 108 106 25 88 
118 57 2 126 89 50 100 112 74 103 46 110 110 29 51 122 31 120 94 63 93 47 18 111 122 111 74 102 89 99 63 79 28 65 77 117 115 50 101 62 25 19 44 8 48 95 2 79 88 0 96 14 53 15 32 36 9 15 110 112 105 81 47 56 
109 112 6 98 100 56 71 34 81 90 78 89 10 46 91 89 6 60 103 59 75 7 95 85 23 77 69 0 30 116 56 11 100 62 109 72 118 52 106 72 14 57 33 24 103 125 113 109 57 88 0 40 4 95 7 89 118 84 30 118 114 18 47 125 
119 109 106 63 100 30 42 44 44 99 77 68 74 74 53 55 3 13 95 8 108 102 97 99 58 0 89 44 18 8 41 9 118 19 73 90 49 115 6 93 86 83 33 32 30 86 87 33 99 54 41 0 79 28 11 50 86 11 12 2 29 20 43 39 
10 62 112 100 111 99 106 76 57 62 109 89 92 67 48 125 38 102 39 117 2 50 40 88 61 52 90 90 72 5 1 83 67 113 55 50 84 34 126 13 96 107 102 60 46 22 57 84 124 96 73 126 0 18 113 86 79 37 48 42 110 53 43 65 
120 29 120 42 113 26 40 127 122 19 101 54 65 124 112 21 120 80 95 119 99 80 77 50 118 126 92 100 51 8 37 44 37 29 86 22 56 127 21 50 18 123 105 84 119 89 105 111 41 72 102 12 25 0 52 63 15 50 27 115 101 35 24 17 
72 53 104 95 109 103 116 32 121 111 9 77 102 98 55 86 11 127 60 24 24 112 87 39 34 114 26 8 22 50 25 94 104 1 61 85 104 50 117 98 33 126 47 8 96 102 94 108 102 26 4 126 11 91 0 38 45 77 64 53 99 115 79 66 
91 80 127 48 57 49 38 27 83 36 74 91 5 49 57 113 23 83 117 21 94 80 59 12 29 124 65 1 111 16 67 74 97 66 122 26 116 32 53 71 69 127 34 74 48 91 59 71 46 48 93 13 0 24 25 0 29 20 90 30 3 107 97 77 
76 36 72 102 24 104 27 95 45 26 1 119 75 92 50 18 10 98 111 23 98 8 48 0 28 11 30 32 118 0 109 66 36 53 40 60 30 67 27 75 93 28 67 40 120 117 59 2 88 42 26 58 50 74 58 79 0 85 89 111 75 89 92 13 
125 18 53 57 48 120 84 123 86 112 62 126 104 52 57 106 12 100 4 70 22 79 1 101 36 90 84 112 51 49 125 48 67 51 105 115 43 61 110 1 45 45 0 21 97 57 127 109 29 4 51 52 83 52 25 119 14 0 110 103 65 31 101 113 
98 24 90 85 67 23 67 69 68 112 69 89 81 126 89 62 28 93 114 80 48 38 105 39 53 87 15 118 118 116 104 88 12 66 45 79 90 113 20 30 97 89 120 51 88 81 113 116 46 99 68 94 10 45 5 63 5 20 0 53 123 8 29 84 
20 96 1 100 58 114 120 88 84 82 80 7 42 33 120 30 79 92 98 45 102 15 51 37 20 71 90 16 80 120 100 100 88 101 72 18 88 65 106 44 19 59 51 61 92 43 91 44 7 61 89 109 76 12 18 97 84 109 113 0 36 101 85 8 
61 58 81 79 18 18 57 62 37 116 113 98 81 29 61 125 36 122 86 18 70 99 36 39 55 17 24 91 118 109 99 51 40 52 2 58 70 60 121 107 48 106 77 1 7 10 126 44 4 85 62 75 56 98 114 111 116 11 74 106 0 120 45 30 
32 98 32 91 40 92 84 20 13 62 97 14 70 108 13 114 112 98 48 59 26 18 46 9 6 57 83 113 49 0 15 82 98 47 45 11 12 1 31 25 63 0 39 5 108 52 119 93 22 39 24 48 58 70 57 64 127 12 49 49 13 0 64 3 
111 112 48 122 124 49 25 21 112 26 60 118 6 113 109 99 7 21 124 56 79 66 113 15 66 126 65 115 11 1 118 122 113 38 117 109 87 14 2 71 40 63 61 47 48 43 18 55 64 14 111 15 81 97 30 19 95 95 6 106 97 124 0 100 
82 34 89 64 121 104 66 64 16 1 126 63 49 41 82 105 105 96 88 120 49 57 22 68 24 118 74 2 87 70 103 41 104 64 105 97 40 44 34 57 45 32 120 95 73 74 72 50 43 32 42 92 90 64 33 114 54 107 117 13 50 92 55 0 
